10000032
10002528
10005817
10006441
10007920
10008816
10009326
10010655
10011691
10011912
10011938
10015487
10022241
10022373
10024588
10025146
10025815
10026255
10026754
10027100
10028752
10029291
10031308
10033106
10033760
10035926
10036942
10037020
10037400
10038332
10039997
10040284
10041339
10043305
10046592
10048703
10048880
10050823
10051825
10054554
10055613
10056612
10057559
10058750
10058940
10060952
10061677
10061707
10064835
10065354
10070024
10071659
10072559
10074189
10075138
10084183
10085948
10086182
10086652
10087135
10093625
10094582
10094706
10100342
10100729
10101282
10103411
10104450
10104945
10107775
10108133
10108435
10108658
10109128
10109613
10110568
10112698
10113224
10114694
10116357
10118141
10122790
10126125
10128643
10132136
10132612
10135314
10135867
10137104
10137706
10139228
10144712
10145540
10148668
10148993
10150299
10150911
10152209
10152525
10152950
10155510
10156659
10158334
10160643
10162461
10165073
10168138
10168562
10171404
10171687
10172278
10174018
10176479
10180022
10180399
10180652
10180796
10182144
10187254
10188275
10190802
10192730
10193456
10194804
10197070
10197137
10197945
10203264
10205465
10206189
10211404
10211812
10215545
10216604
10218320
10220187
10224300
10224342
10225656
10225907
10226330
10229008
10230141
10230564
10232160
10232602
10234106
10234309
10236222
10236621
10237517
10238017
10240020
10242886
10244524
10245701
10246275
10247218
10247468
10251925
10252152
10254459
10256984
10259210
10259732
10261392
10264934
10266157
10266289
10268116
10268164
10268431
10270200
10270645
10272619
10280054
10280165
10281821
10283141
10285309
10286998
10291112
10291406
10292247
10292974
10296047
10297452
10297650
10297677
10299411
10302941
10304258
10306862
10307127
10308729
10312052
10312388
10314417
10316043
10316048
10317857
10318023
10318848
10321082
10322515
10323453
10323890
10324117
10324612
10325399
10326772
10327206
10328933
10329986
10330978
10332005
10332598
10333385
10334165
10339667
10340808
10341078
10341452
10342131
10342516
10351371
10352698
10353692
10360280
10361833
10363489
10365523
10365629
10365942
10367468
10370124
10370161
10371476
10371622
10373202
10375816
10376769
10380641
10382834
10382905
10383752
10387744
10388752
10389230
10393607
10394897
10398856
10400846
10401698
10405838
10407275
10407595
10407920
10410166
10417827
10417841
10419638
10420928
10421218
10423286
10427326
10427549
10427568
10427794
10434069
10434916
10435166
10436395
10439110
10443637
10448977
10449439
10451359
10452403
10456066
10458324
10462493
10462700
10464871
10465406
10466697
10467087
10470097
10471205
10479132
10481077
10481236
10481379
10482555
10486120
10487009
10490455
10491004
10491920
10493905
10494177
10498596
10501044
10501258
10503795
10508174
10509294
10512377
10513539
10515842
10519706
10520862
10521848
10532303
10537300
10539952
10542901
10543287
10544742
10546953
10547135
10548335
10549680
10550853
10552796
10552974
10554449
10554657
10555935
10558865
10558914
10559801
10561059
10561780
10561852
10564230
10564756
10565287
10567574
10568926
10569772
10570405
10574208
10577762
10578633
10579210
10580242
10581130
10582192
10582775
10591889
10593204
10596607
10597581
10599618
10599715
10599760
10599849
10602614
10603629
10604406
10605761
10608452
10610033
10610191
10610461
10612535
10612605
10614625
10615036
10619058
10621222
10624517
10627959
10638730
10639775
10640188
10640738
10641900
10642354
10643604
10643946
10647478
10648257
10651088
10651294
10652641
10652844
10654445
10658748
10659023
10659179
10664847
10666359
10666623
10666659
10668839
10673897
10681996
10682917
10683134
10684873
10686844
10690539
10692064
10692196
10693670
10695520
10696132
10697100
10698312
10699460
10703830
10704894
10706377
10708404
10709891
10710475
10712324
10716785
10716877
10718603
10720700
10721004
10723095
10725826
10727622
10728225
10729370
10730045
10730489
10731215
10732575
10733336
10734242
10734449
10735915
10737676
10743055
10745168
10746056
10749769
10751923
10756624
10756952
10759746
10760122
10761016
10762995
10764156
10764503
10764946
10765835
10766157
10772818
10774653
10777927
10778145
10780559
10780957
10783021
10784356
10787623
10787770
10788134
10788782
10789632
10790436
10791162
10792906
10794829
10795168
10797747
10797854
10800637
10803232
10804363
10808419
10812296
10815600
10815765
10816734
10817797
10819935
10823188
10824690
10827617
10828368
10830252
10833304
10834547
10834686
10834733
10835125
10846520
10846923
10847622
10848070
10851976
10852379
10853778
10853893
10855360
10855852
10856638
10859759
10860382
10861334
10861646
10861744
10866670
10875719
10880291
10881932
10882916
10883607
10884125
10885393
10885927
10892316
10892497
10894128
10894863
10899726
10900211
10900982
10902714
10902734
10903424
10907151
10908020
10910274
10911645
10912490
10912644
10913548
10913613
10914517
10915005
10922896
10923130
10924852
10925202
10925909
10926368
10927745
10929173
10930098
10935051
10935878
10936290
10942309
10942672
10944352
10945711
10945963
10947098
10947167
10949638
10950875
10952156
10955169
10956866
10957076
10961275
10964702
10965325
10968074
10969709
10972526
10978636
10978832
10985367
10992195
10993074
10993123
10993373
10996679
10999920
11000946
11003947
11004250
11004653
11005029
11006497
11007615
11010077
11010747
11012637
11013946
11014390
11014543
11021550
11022782
11023130
11023590
11027112
11032719
11033454
11034713
11036893
11038658
11039840
11041318
11043985
11044728
11044884
11048296
11049031
11049938
11050647
11050959
11059150
11060037
11065839
11066283
11068569
11070517
11071334
11072827
11082058
11082253
11083826
11085922
11086705
11087091
11087524
11087579
11093194
11096025
11098542
11101951
11105410
11108773
11108951
11109718
11115962
11117383
11118460
11118908
11121649
11121690
11123584
11123887
11124186
11124588
11128012
11128068
11129846
11130614
11133364
11133772
11135546
11138495
11138817
11138881
11139294
11139984
11141655
11144341
11148069
11148124
11154271
11154505
11154709
11159682
11160531
11160639
11163308
11168076
11171377
11172240
11172358
11173153
11175529
11178069
11178316
11178644
11178739
11179257
11180120
11180959
11182035
11182213
11182413
11184305
11186468
11193011
11194322
11195261
11196147
11196440
11198162
11204333
11205318
11205948
11206424
11207178
11208471
11213059
11213900
11215271
11215822
11216524
11217246
11221752
11224067
11225197
11226123
11230699
11237230
11239874
11240311
11240495
11240669
11241842
11246239
11246806
11250365
11253441
11253475
11254352
11255460
11255988
11256057
11256624
11258203
11258297
11259349
11260778
11260953
11261672
11261811
11262749
11263198
11264701
11266920
11268377
11271487
11275268
11276027
11276090
11276136
11276596
11277253
11278989
11279181
11279234
11280312
11285028
11285250
11289470
11290817
11291779
11294191
11297923
11299046
11300562
11300822
11303934
11310006
11310443
11313440
11314162
11314828
11314842
11315528
11316246
11316790
11317338
11317663
11318538
11318602
11321986
11322649
11324446
11326722
11327336
11328887
11331027
11331324
11332231
11333890
11334505
11335755
11337144
11338559
11339369
11339520
11340038
11340648
11341928
11342101
11342839
11347108
11349965
11350549
11350899
11352800
11353589
11354733
11355855
11360448
11362794
11363548
11364656
11365697
11366102
11367277
11369215
11370949
11371467
11374248
11375924
11376261
11379100
11382753
11387576
11388513
11389640
11390500
11391002
11394496
11395390
11395908
11395978
11396968
11399106
11401329
11402251
11402257
11404178
11405900
11406274
11407636
11409242
11412431
11417103
11417954
11418296
11419677
11423163
11423532
11424223
11427546
11431517
11432795
11435371
11436316
11436600
11436868
11437339
11438142
11438235
11439477
11440278
11441149
11441201
11443083
11444770
11445185
11448536
11451573
11453143
11463286
11467924
11468665
11469267
11469909
11471751
11473260
11474034
11474608
11474876
11475815
11477513
11480592
11480667
11481821
11485471
11486819
11487092
11490242
11496461
11497560
11501461
11503781
11504325
11509240
11511237
11511789
11512991
11513161
11517366
11517422
11518049
11525210
11526744
11526885
11527010
11527061
11528609
11528924
11529446
11530292
11530313
11531326
11532159
11535972
11537509
11539226
11541192
11542251
11544383
11545574
11546088
11546219
11548022
11548046
11548699
11551024
11551768
11553072
11553407
11555387
11558814
11561930
11562335
11563734
11564333
11565861
11566088
11569114
11569697
11573883
11576247
11576619
11582633
11584066
11587177
11588493
11588867
11590680
11590852
11591974
11592202
11592359
11593345
11595068
11596945
11597266
11597502
11599197
11599366
11600402
11604188
11609370
11610027
11610892
11611136
11611436
11611656
11614457
11615015
11616151
11616680
11618270
11618410
11619714
11622485
11622708
11632463
11634090
11635793
11636629
11640387
11646193
11647060
11651954
11652327
11655985
11656390
11657906
11660521
11665092
11666336
11666860
11667559
11669806
11679057
11684680
11686774
11690605
11690662
11691480
11694279
11696851
11699353
11700816
11703925
11704276
11705596
11706053
11706451
11706686
11708410
11709944
11711143
11712483
11712925
11717360
11717365
11718551
11718752
11722035
11722406
11723832
11724224
11725345
11728836
11729205
11729501
11734212
11735052
11735130
11740453
11743594
11744267
11744419
11747056
11755436
11756948
11757286
11760205
11762260
11763262
11763514
11763860
11769374
11769527
11770325
11777430
11777697
11778596
11779116
11779600
11782546
11787081
11787679
11788411
11790854
11792135
11793786
11794831
11796982
11807139
11808703
11812438
11812528
11813239
11816620
11816734
11817011
11817388
11824624
11825830
11828268
11830001
11831014
11841883
11843355
11844287
11844841
11847575
11847817
11849423
11850698
11852978
11853748
11857478
11862905
11865189
11866132
11866370
11866955
11867778
11868058
11869791
11875581
11876398
11876681
11877308
11877323
11879213
11880844
11881312
11882387
11883512
11885789
11889066
11890590
11890667
11890795
11892579
11896470
11896747
11896921
11897986
11899989
11902324
11903654
11909368
11911375
11912191
11912361
11916718
11917054
11917693
11917817
11918899
11925195
11929056
11929103
11934843
11936247
11939156
11941016
11942921
11943894
11949034
11949220
11949949
11949990
11950671
11950925
11956333
11960320
11961264
11962942
11970110
11971084
11972744
11973088
11973925
11974841
11976503
11979593
11983705
11986449
11987724
11989263
11991636
11994237
11996051
11997231
11998006
11999232
12001937
12002746
12005532
12005673
12006013
12008981
12010671
12011843
12012390
12012423
12017258
12017620
12020297
12024295
12026334
12029811
12030455
12031778
12037119
12040481
12045824
12050115
12050445
12051368
12052815
12060757
12065554
12067367
12067616
12068256
12069725
12070984
12072101
12073005
12073890
12080362
12085783
12086658
12088045
12088642
12088845
12089044
12090925
12092698
12096333
12097171
12097794
12098632
12098908
12099939
12101039
12101541
12104721
12108240
12112753
12114002
12115320
12118431
12119595
12120769
12122360
12124015
12127256
12127341
12130541
12133621
12133922
12134668
12135646
12135717
12136991
12138301
12138346
12138731
12139897
12140206
12147044
12147981
12150125
12152043
12152962
12153383
12155906
12155939
12159001
12160692
12161400
12165404
12168076
12171550
12171940
12171945
12172961
12173207
12174739
12175362
12175399
12175541
12176330
12177216
12179064
12179576
12185093
12189736
12190999
12192830
12198245
12199680
12203771
12208527
12213317
12213804
12216334
12218564
12226163
12230760
12231923
12237634
12238455
12241403
12246319
12250982
12251138
12252440
12254891
12255596
12255611
12256265
12257192
12257550
12257924
12259155
12260135
12262711
12264212
12267502
12269961
12274838
12276236
12277984
12281079
12281459
12283154
12283414
12286379
12286842
12288452
12288802
12288933
12292331
12292383
12293099
12294372
12294892
12297145
12298087
12298451
12301397
12301582
12306240
12309723
12310187
12311662
12315146
12316990
12319389
12321516
12321615
12322250
12322434
12324729
12326794
12328310
12329285
12330881
12331886
12336172
12336512
12336738
12338362
12338836
12340321
12340529
12343035
12344421
12348443
12349953
12352223
12352259
12353116
12354894
12360420
12364939
12366560
12369916
12376121
12378313
12378880
12381610
12381874
12382998
12385813
12385889
12386414
12389739
12392803
12394122
12398204
12398254
12399776
12401642
12401985
12403098
12404505
12406461
12407328
12407578
12407600
12413251
12414497
12416498
12417927
12420482
12420598
12420625
12422866
12423125
12424130
12424944
12425114
12425189
12425912
12427908
12429058
12429561
12431307
12431406
12436745
12445259
12445404
12446487
12454206
12455618
12456114
12456916
12458922
12461014
12462657
12462658
12463192
12466317
12472166
12472833
12473478
12473740
12474631
12476176
12477025
12478263
12478912
12480049
12481093
12486272
12490601
12497922
12504135
12504554
12509778
12510726
12510929
12511329
12511530
12511891
12511988
12513540
12515922
12516050
12517654
12518599
12518670
12523860
12525713
12525896
12529718
12530453
12533828
12534815
12534957
12535813
12536023
12536467
12537906
12538439
12539186
12540938
12542123
12543551
12545348
12547682
12548159
12548412
12548481
12554406
12554603
12558980
12560392
12566771
12567872
12570928
12571590
12571824
12574098
12576254
12577020
12578536
12578647
12579739
12580788
12584110
12588043
12590579
12590642
12593624
12600024
12601599
12602845
12604598
12605370
12607342
12607831
12608729
12609519
12610773
12611298
12612423
12613687
12615096
12618550
12620320
12621081
12623657
12626414
12628860
12632091
12632935
12633364
12634601
12637740
12638571
12639052
12647295
12647636
12648206
12650825
12653166
12654369
12655416
12657281
12658438
12659671
12664306
12665400
12665853
12671515
12672045
12672992
12673210
12674327
12674931
12677532
12680354
12682001
12682747
12683064
12683115
12687294
12688660
12690671
12692609
12693960
12695033
12696313
12697705
12698606
12700591
12701069
12702427
12706319
12712581
12715117
12716403
12716538
12718250
12718930
12721565
12722162
12722647
12724623
12725011
12726884
12727526
12727919
12729431
12730472
12738736
12742325
12744040
12747195
12750267
12754425
12754914
12755708
12757934
12758734
12759249
12759523
12761284
12762627
12763531
12766096
12768753
12769961
12769965
12771539
12772727
12773478
12773595
12777122
12779002
12780847
12781964
12782154
12782943
12784119
12785470
12787819
12789108
12790328
12791621
12797036
12798664
12799272
12800314
12809280
12809971
12810720
12811770
12818142
12819438
12821815
12823634
12826857
12829556
12832775
12833284
12833852
12834127
12834858
12836369
12837600
12837831
12840930
12843269
12845131
12845753
12847886
12847955
12848789
12849485
12851703
12851842
12852284
12859810
12859844
12861676
12866416
12867993
12868261
12871058
12872596
12873004
12874465
12875611
12876353
12877262
12880751
12881370
12882286
12883917
12889006
12892024
12897175
12897261
12897953
12898118
12898142
12898883
12899798
12903623
12907129
12907240
12907424
12908519
12909664
12911085
12914190
12914326
12915679
12915957
12916365
12916497
12917800
12917983
12918857
12919467
12922550
12929360
12931326
12931388
12932308
12935019
12935142
12935800
12939295
12940634
12946314
12946949
12949769
12951119
12951783
12952257
12953697
12954060
12955321
12955453
12955640
12958488
12964119
12965924
12966928
12968054
12972089
12972780
12973835
12974400
12974428
12974480
12975145
12976757
12979869
12980340
12981041
12981283
12981479
12983324
12984362
12987654
12988559
12988947
12992552
12993958
12996118
12998329
13000069
13000092
13002166
13002213
13004183
13004253
13006939
13007002
13009233
13010184
13011097
13014572
13015612
13016169
13020551
13020723
13022271
13023058
13024328
13026446
13028108
13028196
13029247
13032994
13039926
13040786
13043688
13044170
13048249
13048446
13049390
13053082
13054222
13054592
13056855
13057030
13057135
13068644
13070298
13072763
13072943
13074531
13075690
13078901
13082322
13083397
13086629
13087187
13088523
13089073
13089507
13094893
13098591
13100452
13101347
13103116
13109876
13110660
13111696
13113170
13113218
13113349
13115186
13115641
13115761
13116910
13117994
13120213
13120740
13121453
13121693
13124065
13127679
13128765
13131989
13133129
13133637
13137214
13139388
13139420
13139773
13139819
13143924
13148913
13150735
13151301
13154769
13157110
13157375
13158417
13161847
13162132
13163695
13166511
13167214
13168586
13170137
13172330
13176302
13176655
13177435
13177671
13178264
13178429
13179215
13181794
13182131
13182175
13182702
13184047
13184999
13185276
13190952
13191955
13194123
13195111
13198732
13199993
13200254
13200568
13201058
13202501
13205443
13206703
13206731
13208479
13209155
13209364
13212171
13214775
13216355
13218216
13219522
13219550
13220687
13224650
13228331
13229615
13237409
13238434
13240574
13244895
13246933
13248201
13250907
13251216
13254163
13254566
13255299
13255518
13256608
13257957
13258626
13260333
13260565
13261837
13262565
13264299
13264941
13265070
13269544
13269813
13269859
13270540
13271678
13272155
13272177
13272597
13273363
13273407
13274724
13275952
13286579
13290997
13294123
13297743
13297868
13298172
13298923
13299529
13301871
13303151
13306929
13308637
13312242
13312721
13313397
13313737
13319905
13321911
13323674
13324431
13325132
13326020
13328242
13328445
13328599
13328603
13332167
13332776
13335169
13339036
13341782
13343002
13344144
13344474
13345133
13346342
13347600
13348282
13348330
13348466
13349207
13350607
13352668
13353371
13353597
13354623
13357582
13360726
13367750
13368403
13369727
13370452
13371032
13371059
13373346
13374720
13378523
13379279
13380018
13383991
13388094
13388417
13388445
13388637
13390059
13390826
13391297
13392462
13396910
13399862
13400696
13404499
13405183
13410601
13414390
13415410
13420137
13422599
13428695
13432849
13434093
13434904
13436167
13436765
13436796
13442258
13442608
13443865
13445767
13448574
13449112
13452259
13453660
13462695
13464809
13465653
13465746
13472239
13473000
13473268
13473594
13474206
13474723
13474913
13477445
13479104
13480300
13480812
13482896
13484400
13484611
13487837
13492618
13494239
13496516
13496805
13496925
13497389
13497422
13501970
13505226
13507515
13507926
13509032
13509314
13511876
13512112
13514797
13515913
13516361
13517765
13518938
13519001
13520019
13525715
13526689
13528240
13528388
13535377
13539132
13540354
13541676
13543913
13548940
13554701
13557963
13558059
13560136
13561991
13562026
13562998
13563011
13566153
13567401
13567842
13569067
13572469
13572915
13575070
13578154
13579431
13582085
13585043
13585903
13590039
13593845
13596225
13597517
13600410
13602608
13605564
13605861
13606772
13608569
13608861
13612021
13612158
13613492
13614070
13614815
13615149
13615375
13623126
13623186
13628472
13631753
13631764
13632970
13634631
13635453
13646098
13646188
13652659
13653377
13655197
13655596
13657632
13659235
13660981
13662577
13664791
13667686
13668961
13669020
13680126
13680722
13682438
13682445
13682898
13684947
13686981
13687329
13688991
13690729
13691037
13692604
13693241
13695592
13696452
13696823
13697146
13701260
13705379
13705535
13706058
13709599
13711760
13713438
13714283
13716050
13716541
13716770
13719737
13721305
13723996
13725152
13728841
13729290
13732496
13732775
13733859
13737889
13740424
13741471
13744952
13745877
13748634
13748641
13749821
13750052
13754276
13755585
13756735
13757356
13757409
13757538
13757807
13758634
13758969
13760027
13762358
13763113
13763178
13764116
13766608
13772380
13773677
13776292
13776489
13782926
13783588
13783879
13784800
13785088
13786783
13789759
13792108
13795068
13795113
13795693
13798232
13800049
13800455
13801441
13802517
13804510
13806351
13807076
13810541
13812774
13812840
13813803
13819874
13822664
13823807
13824515
13825541
13826179
13826513
13826980
13828085
13829809
13831972
13832900
13833101
13836519
13840756
13842095
13842361
13845626
13848474
13851457
13852207
13856715
13857469
13858517
13860427
13860898
13861246
13864223
13868720
13868732
13871298
13872013
13875199
13876479
13877234
13877438
13879853
13880004
13880916
13884394
13886051
13886615
13888563
13889180
13889570
13893344
13896148
13899324
13901573
13903530
13904190
13905256
13905725
13905781
13906016
13908247
13909465
13910098
13911580
13917492
13919943
13921280
13921582
13922026
13923431
13926282
13934464
13934995
13935906
13946390
13947994
13948872
13952641
13952691
13954263
13959427
13959524
13960046
13960643
13962878
13963649
13965655
13967588
13969231
13973237
13975902
13980795
13983043
13984100
13990593
13992859
13996357
13996555
14001341
14004436
14004740
14004875
14008822
14010324
14011248
14012159
14014857
14018468
14021314
14021347
14022343
14022949
14023402
14027315
14028350
14029336
14034483
14035588
14037020
14039529
14041518
14041556
14044197
14044629
14047919
14048501
14048658
14050209
14053915
14054556
14056834
14062193
14064131
14064394
14064776
14065824
14066294
14067046
14072741
14076320
14077810
14078257
14079115
14079493
14080097
14080836
14085587
14085665
14085837
14088082
14088429
14092612
14094868
14097603
14097926
14098493
14098517
14102675
14103010
14104022
14104788
14106736
14107996
14119804
14122084
14124802
14128896
14128923
14129258
14131054
14131474
14132906
14133792
14135256
14135844
14136578
14136783
14138145
14138881
14139177
14147389
14147653
14149233
14150585
14153282
14153350
14155540
14156350
14156499
14158120
14167501
14167992
14169173
14169691
14170015
14170050
14170108
14173731
14180305
14180462
14181298
14184360
14184449
14184672
14184966
14185458
14189328
14189473
14189543
14189981
14191071
14191202
14193386
14193535
14195296
14195470
14196702
14201258
14206456
14207746
14208029
14211206
14211952
14214958
14215609
14216928
14217396
14220433
14220705
14221043
14221098
14222555
14224126
14224933
14230699
14231575
14237375
14241315
14245604
14245848
14247303
14253680
14254072
14254916
14256922
14257059
14260784
14262093
14266299
14268158
14269026
14269614
14271638
14273179
14280658
14282392
14283370
14283442
14285027
14286042
14286804
14292138
14294825
14296495
14297453
14298110
14298421
14298648
14303183
14303215
14303953
14304185
14305972
14308339
14308386
14309632
14309738
14309759
14311205
14311543
14312188
14312650
14312800
14313330
14314196
14316617
14318494
14318600
14318651
14321918
14333090
14333111
14333551
14335752
14336728
14337199
14337552
14338126
14338643
14340623
14348068
14348277
14348951
14349455
14351971
14352376
14353064
14354910
14355630
14357283
14357540
14357765
14357827
14358566
14359701
14360652
14360886
14362138
14363424
14366822
14372988
14375770
14377197
14377317
14380292
14380517
14381855
14383604
14386642
14386802
14387168
14391129
14394105
14394962
14394983
14395049
14396614
14397014
14400066
14402542
14406336
14408486
14413350
14413751
14416327
14416624
14417196
14417435
14418695
14419540
14424253
14425206
14426535
14431709
14433312
14434519
14435996
14439027
14439178
14440470
14440501
14440662
14450993
14452574
14454079
14454144
14456070
14456616
14459202
14461062
14465507
14466840
14469456
14470268
14470386
14472850
14473030
14473736
14474878
14476678
14476900
14484703
14488604
14489942
14491252
14491705
14494194
14496077
14496181
14498125
14500461
14511791
14511798
14513439
14513500
14514560
14516597
14520269
14520303
14522036
14523271
14523701
14524627
14525258
14526590
14526708
14529022
14529500
14529945
14530732
14532157
14535113
14535552
14536740
14537217
14538708
14539981
14541290
14547004
14547415
14549466
14553301
14556224
14557171
14559003
14559823
14565814
14565909
14569153
14570577
14579716
14582450
14583590
14584141
14584976
14590699
14597946
14598293
14599228
14599416
14599517
14604498
14606398
14613639
14614003
14614819
14616325
14616358
14618316
14619556
14627461
14627749
14628859
14629181
14633401
14634748
14639525
14639859
14644875
14650098
14650506
14652831
14656204
14656487
14658488
14662394
14663261
14664573
14665583
14666171
14667790
14668013
14670418
14671791
14672225
14673857
14674347
14678660
14680463
14681582
14682915
14683177
14685016
14686096
14686887
14689549
14690121
14696855
14700613
14702474
14702741
14707098
14708293
14708764
14708888
14711585
14715042
14715937
14717765
14717988
14720722
14723039
14724747
14725807
14725980
14726178
14730186
14731484
14735732
14737794
14738657
14738773
14741806
14741847
14745995
14749824
14749924
14750555
14753256
14753407
14755189
14757785
14760682
14761129
14764965
14768939
14775673
14777022
14777261
14785221
14792297
14792662
14793896
14794763
14796315
14797258
14797653
14800040
14803792
14803875
14808106
14809060
14811428
14813806
14814233
14816943
14818087
14820433
14824614
14826344
14828875
14828901
14832130
14834504
14835886
14836336
14836684
14842146
14842561
14843753
14845506
14845803
14851008
14851392
14851532
14852973
14852994
14854959
14855037
14855694
14856688
14857354
14858739
14859542
14860771
14863307
14864349
14867580
14871638
14872617
14874510
14877479
14877821
14879136
14879722
14880297
14881043
14883101
14883368
14883386
14883673
14884112
14885029
14886449
14886549
14888722
14889442
14890316
14892488
14893410
14895657
14896646
14898179
14902902
14906068
14910666
14912490
14913519
14913779
14916092
14917569
14917881
14919676
14920224
14923283
14923802
14925253
14927677
14928130
14932717
14932820
14933929
14934559
14937207
14937610
14937927
14938305
14938696
14938713
14939879
14940963
14941762
14943986
14945064
14946011
14950491
14950692
14952328
14953390
14957866
14958899
14959010
14959916
14960935
14967810
14969722
14970529
14972987
14973531
14975440
14980906
14981760
14982057
14983377
14985189
14985612
14985935
14986038
14986240
14986932
14987104
14987249
14995832
14996161
15002062
15005061
15007011
15012600
15013876
15014156
15015430
15016463
15019528
15020809
15028060
15028203
15030422
15032560
15033377
15033895
15035323
15036005
15038855
15039101
15041959
15042347
15044811
15047092
15048951
15052615
15052972
15056738
15058851
15064119
15064588
15068821
15069057
15071736
15071991
15072914
15075270
15075345
15075684
15080981
15081787
15083076
15084163
15085675
15089258
15090960
15092180
15097765
15101279
15101311
15104675
15107347
15109492
15110197
15111142
15112442
15113204
15114126
15115387
15117034
15118662
15120535
15120673
15121841
15122973
15122989
15123915
15124372
15124496
15124635
15125574
15128001
15128579
15133650
15134425
15134497
15135470
15136397
15136945
15140087
15141961
15142795
15143371
15145456
15146844
15149407
15149503
15150123
15153582
15153615
15153978
15157076
15159329
15161872
15163039
15164486
15167179
15170485
15170508
15171635
15171790
15172048
15172780
15173301
15178837
15183282
15186828
15190651
15192716
15194382
15195974
15198284
15198396
15201363
15201393
15201632
15206416
15208175
15210209
15211962
15212573
15214385
15214842
15216175
15216758
15217519
15218470
15219352
15220617
15221866
15226149
15226274
15228177
15228201
15229563
15230085
15233042
15234730
15234744
15237449
15237601
15238950
15239259
15241265
15246843
15248481
15249523
15252109
15252417
15256505
15256812
15260788
15262065
15262628
15265364
15266473
15267828
15268030
15269245
15270655
15272011
15276923
15277065
15277386
15278173
15279659
15281129
15281645
15283453
15283676
15287337
15292883
15293057
15293619
15293645
15293740
15297942
15299171
15300792
15302034
15302397
15302549
15308282
15308655
15311420
15311843
15311940
15312072
15314766
15316631
15318658
15320664
15321487
15322053
15330393
15331128
15333271
15334583
15335046
15336654
15336673
15339139
15340077
15341044
15342113
15344345
15345462
15347710
15349749
15350185
15353529
15354949
15362060
15363838
15364095
15364994
15368322
15378749
15378774
15383233
15384549
15387031
15388411
15396448
15398539
15399690
15400175
15401084
15404950
15405457
15406525
15409264
15409400
15412805
15414155
15416760
15417004
15419850
15422876
15428180
15428424
15429067
15432751
15433386
15437146
15437323
15437464
15437738
15438315
15439899
15448715
15448867
15449016
15451291
15455136
15455521
15459743
15460286
15460763
15461390
15462846
15462909
15463265
15464207
15464740
15465527
15465618
15466795
15468597
15469243
15470694
15471860
15472904
15476812
15481731
15483051
15483830
15485178
15486219
15491215
15491552
15497400
15498960
15500551
15502052
15502201
15502406
15502496
15503673
15506295
15506527
15507077
15507874
15511860
15514638
15515697
15516051
15519411
15523581
15527707
15529327
15529726
15529980
15530074
15530265
15530399
15530871
15531844
15533391
15540018
15541248
15541985
15544657
15544964
15547543
15549159
15549745
15558272
15559444
15560224
15562324
15564944
15565117
15566010
15570998
15571834
15573911
15574754
15575052
15579926
15582219
15582862
15583423
15588146
15588237
15589996
15595239
15596440
15596627
15596903
15597503
15599813
15600007
15603108
15603152
15603503
15609529
15609805
15609939
15610963
15611602
15612667
15612756
15613540
15613624
15616407
15620736
15620743
15622295
15623326
15623678
15623906
15624290
15625802
15627938
15629015
15629550
15630071
15631649
15632077
15634383
15637010
15637840
15643451
15643652
15643936
15646208
15647045
15647485
15649581
15650109
15653631
15654165
15654401
15658622
15658911
15659181
15662522
15664159
15666278
15666688
15667018
15669140
15669806
15670098
15676372
15677375
15678743
15681319
15684102
15685375
15685498
15685560
15687528
15687550
15688679
15689966
15691481
15691680
15691899
15695618
15696102
15696715
15701011
15703353
15704825
15705240
15706402
15712408
15717228
15720150
15720760
15723452
15725365
15727564
15729606
15732650
15736763
15738458
15739806
15742396
15751250
15755838
15758721
15761396
15761785
15771093
15774211
15776186
15781144
15782392
15784500
15784715
15785018
15786322
15787377
15796114
15797442
15797947
15798306
15799414
15800281
15800306
15801714
15806739
15808790
15808996
15809646
15812413
15817368
15823580
15826422
15827279
15827703
15827995
15829749
15829763
15832495
15835076
15837416
15837699
15837702
15839122
15840240
15840508
15840917
15841056
15841103
15842401
15848157
15852020
15852941
15853169
15853625
15859283
15859565
15860567
15865676
15868793
15869025
15869576
15872468
15878803
15879289
15879435
15879627
15882154
15883265
15884419
15885446
15885522
15885972
15886550
15888187
15888896
15889243
15889450
15889520
15889703
15892569
15900351
15902186
15903548
15903810
15903945
15905239
15908575
15910030
15912063
15914250
15915795
15916427
15918910
15920389
15922777
15923248
15923932
15924052
15926536
15926801
15929503
15933903
15935768
15935993
15937220
15938262
15940415
15941967
15944279
15944907
15946179
15946561
15950062
15951614
15951838
15953155
15955639
15955658
15958446
15961357
15962057
15963455
15964651
15966231
15966360
15966902
15967541
15970791
15974063
15974261
15976653
15977129
15987934
15989769
15990138
15990181
15991122
15991234
15992301
15993144
15993232
15994228
15996126
15998114
16000035
16007214
16007515
16009566
16009611
16017748
16018715
16019110
16020946
16021284
16024251
16025304
16025477
16025929
16027364
16028386
16030194
16034147
16036071
16038402
16039992
16040005
16041782
16042208
16042257
16042568
16045638
16046605
16047338
16048336
16048457
16054460
16054733
16058421
16062940
16064526
16064720
16064843
16065828
16065930
16069750
16072373
16073047
16074871
16076000
16076716
16077598
16077914
16080115
16083391
16083444
16083904
16084602
16088200
16089662
16090543
16093652
16098783
16112331
16113457
16116987
16122493
16124481
16125775
16126402
16128180
16129427
16129665
16130468
16130931
16131197
16132134
16132237
16135323
16139978
16140527
16145682
16146410
16149336
16150678
16151529
16153425
16155041
16155486
16159067
16159717
16161900
16166519
16168920
16170001
16171124
16172035
16172799
16174634
16175704
16179037
16179901
16183583
16183929
16184454
16186099
16187193
16189743
16189927
16190425
16191371
16192868
16194637
16195911
16196502
16197671
16198655
16201981
16202387
16203726
16204743
16205682
16205992
16208136
16208332
16208636
16210161
16210514
16211150
16211234
16213188
16217075
16223112
16230471
16233333
16233695
16235413
16238102
16240117
16240427
16242079
16243132
16245906
16252442
16252596
16255372
16256136
16257249
16257868
16259783
16260149
16260734
16261715
16263217
16265463
16265884
16266949
16269954
16272836
16274890
16278272
16279787
16280942
16281020
16281985
16282660
16282945
16288344
16290264
16291726
16292138
16293622
16294428
16294509
16294921
16295129
16295693
16298689
16299420
16299807
16301617
16304634
16304867
16305021
16306057
16307987
16310747
16314601
16315616
16317692
16319384
16319980
16322851
16323375
16325299
16328618
16328702
16332956
16333287
16333368
16335045
16336316
16339486
16343480
16345715
16346623
16350187
16351082
16353474
16353962
16356118
16358341
16358939
16360576
16365207
16366282
16366396
16367113
16367633
16369625
16378216
16383839
16386635
16390775
16391119
16392279
16392858
16395075
16401229
16401626
16402020
16402231
16402858
16404704
16405298
16407906
16414229
16414342
16415042
16415076
16418659
16419025
16420647
16421747
16424452
16424536
16425973
16427266
16429806
16433315
16434792
16435402
16437137
16441478
16442524
16443799
16444254
16446143
16449066
16449903
16452459
16452644
16454162
16458598
16461015
16465290
16466737
16467562
16468805
16469493
16470850
16471772
16473026
16473213
16474473
16477271
16478229
16478913
16479108
16479923
16482574
16483145
16485803
16486267
16490252
16490898
16491020
16492771
16494930
16495012
16495075
16498330
16502249
16504737
16505794
16507005
16507086
16507352
16507998
16508514
16511302
16513146
16514042
16518213
16519629
16521022
16521168
16526136
16526586
16528604
16530142
16531207
16531888
16532248
16532506
16534131
16534629
16536346
16538452
16541578
16546330
16548132
16550482
16552244
16554963
16556876
16558140
16564673
16565044
16568553
16572543
16573137
16580303
16581242
16581333
16581970
16586666
16587377
16589211
16592995
16593352
16595778
16597305
16604137
16604229
16604760
16606112
16609021
16609561
16610469
16615448
16617478
16617482
16619578
16620073
16622528
16625183
16625246
16628130
16631548
16632507
16633160
16637401
16639088
16639736
16643704
16646700
16648107
16650161
16650823
16651205
16652338
16653292
16654857
16660089
16662112
16662316
16662523
16664796
16666772
16668660
16669134
16669494
16671338
16675371
16675531
16675644
16680846
16683403
16684992
16687230
16692491
16693770
16700231
16701514
16701587
16708369
16711176
16711329
16711936
16712364
16714592
16716386
16726403
16726712
16727715
16729621
16730934
16730944
16731216
16731679
16733231
16733422
16735649
16736875
16738168
16740473
16742535
16742655
16746434
16746589
16746592
16749846
16751007
16751112
16751163
16751922
16753323
16753833
16759033
16759341
16759761
16761273
16761671
16771607
16772891
16774114
16778528
16781373
16786411
16794940
16796468
16797123
16798928
16799523
16800677
16801323
16808432
16810118
16813790
16814449
16814963
16817122
16818103
16818586
16819155
16819220
16819350
16821789
16825983
16826774
16827281
16830006
16830079
16831313
16831849
16833393
16834564
16834871
16836844
16837291
16837347
16840129
16843548
16843859
16844846
16846730
16846950
16847759
16852945
16852984
16854015
16854608
16857449
16861013
16861567
16861949
16863298
16869134
16871040
16872188
16873066
16873164
16873303
16873430
16874891
16876939
16878904
16882207
16882378
16887579
16888518
16889084
16891573
16892791
16895403
16896122
16901554
16901905
16902504
16905163
16905933
16906494
16906547
16906756
16906947
16908741
16909472
16914135
16914476
16917330
16918776
16920759
16924638
16925406
16926412
16928459
16930043
16933491
16934119
16934976
16937143
16938510
16938575
16938901
16941171
16945298
16947643
16948316
16953616
16954740
16956482
16957142
16958467
16958613
16959316
16959391
16961729
16962504
16965047
16968338
16970770
16970926
16973047
16980920
16981027
16981199
16981805
16985592
16987092
16987398
16989984
16990706
16991615
16992093
16994694
16994915
16995639
16996657
16997261
16997447
16998800
17001135
17001881
17002416
17003201
17006012
17006375
17007181
17009142
17010395
17010644
17011703
17014023
17018064
17018231
17020340
17020399
17024159
17024792
17031469
17033010
17033657
17034368
17035637
17037502
17039122
17041574
17043175
17046616
17051482
17053480
17054851
17059267
17060162
17060359
17060824
17061245
17062177
17062208
17064162
17065234
17066560
17070308
17071642
17074776
17074963
17074965
17075176
17078131
17078827
17079601
17083505
17083524
17088362
17091458
17092207
17093400
17094748
17094999
17095325
17095337
17095731
17096012
17097659
17097911
17099928
17101277
17106565
17107885
17109939
17110252
17110461
17110534
17114287
17117733
17121599
17128608
17128910
17133024
17136228
17137651
17138723
17139504
17140035
17141628
17143191
17143373
17145539
17148323
17149124
17149311
17151907
17152879
17154059
17161436
17166973
17171912
17172971
17173306
17179001
17182515
17186971
17187169
17188019
17191151
17191191
17192446
17194263
17195250
17195711
17196838
17199949
17201369
17204454
17204468
17207507
17209726
17209729
17211977
17213893
17215597
17215811
17221972
17224858
17226383
17233716
17234027
17234081
17236865
17236956
17237840
17238051
17238706
17238759
17239250
17240220
17241216
17242996
17244096
17246488
17247436
17254594
17255982
17256616
17256648
17257469
17262749
17263613
17264354
17265593
17266094
17267991
17268700
17272489
17273119
17274597
17275504
17276515
17277688
17279489
17280024
17280328
17280543
17281421
17281990
17286935
17288114
17288821
17290849
17290896
17291653
17292178
17292606
17294132
17294545
17297216
17298353
17299330
17302299
17305653
17314394
17319358
17319841
17334828
17335706
17336370
17337167
17339398
17339677
17339943
17340236
17342222
17344280
17347519
17351060
17352307
17352497
17357052
17357402
17359119
17359859
17360237
17362249
17363071
17364987
17365311
17370015
17370569
17374087
17374333
17375266
17377546
17378927
17385419
17385545
17385589
17385639
17387210
17387838
17388160
17392684
17394788
17399322
17405009
17405171
17405316
17405743
17406546
17406645
17408236
17408369
17410677
17414665
17415509
17416151
17416292
17418761
17420169
17420936
17429056
17431526
17431544
17432591
17432592
17433889
17434499
17435101
17435761
17435854
17436516
17440982
17441378
17442241
17444916
17446232
17447330
17449822
17450317
17451002
17454538
17455420
17455650
17457084
17458838
17461833
17462572
17470250
17471385
17471407
17471499
17472823
17474757
17475415
17477169
17477470
17477764
17479323
17479853
17480943
17482187
17483007
17483393
17483512
17486151
17487253
17487649
17491585
17493653
17499440
17500416
17503971
17505294
17506195
17507495
17509104
17513048
17513890
17514314
17517426
17517570
17517983
17518351
17521524
17525617
17525858
17526288
17531182
17535168
17536711
17536893
17537572
17544317
17546138
17547324
17548098
17551160
17552680
17553608
17554265
17558213
17559453
17560758
17567097
17567107
17567631
17567711
17572337
17572570
17574524
17574570
17577830
17579376
17580432
17580825
17580950
17581870
17582515
17583339
17583501
17583585
17584785
17584817
17585185
17591565
17591926
17593093
17597006
17602729
17604134
17605756
17605955
17608808
17610427
17611076
17613766
17614828
17614961
17617477
17620550
17623555
17625837
17627423
17628927
17629754
17631479
17633758
17636995
17637877
17639771
17642215
17644312
17645472
17648173
17653075
17654494
17656696
17660134
17662159
17662675
17664094
17665040
17665522
17666682
17666858
17671714
17679009
17679261
17679521
17683434
17685217
17687320
17688201
17689611
17690123
17690254
17690997
17693112
17699980
17700167
17704429
17704736
17705371
17705635
17705647
17707339
17708967
17711551
17712988
17713616
17714046
17714232
17719747
17719829
17720433
17724313
17725954
17726319
17727400
17729814
17730150
17730666
17734106
17734757
17738777
17740982
17745240
17747772
17749406
17751766
17752634
17753782
17754635
17756001
17757271
17761787
17763078
17763553
17769017
17769329
17769916
17770743
17774268
17776133
17777564
17778737
17779547
17779641
17779865
17781379
17782619
17784861
17789490
17790041
17790058
17791382
17792276
17794817
17798378
17800373
17800659
17801367
17805594
17806358
17807670
17808496
17810284
17810373
17810596
17810931
17811086
17813021
17814575
17814781
17815178
17817685
17818886
17819591
17819718
17821432
17830439
17830656
17830851
17832578
17833222
17838988
17839164
17840244
17840551
17843740
17846262
17846925
17849765
17852933
17856338
17857710
17859352
17859880
17862068
17862585
17863754
17868666
17869971
17874973
17876989
17877919
17878745
17879537
17880599
17881051
17882272
17886133
17886360
17886558
17886980
17890059
17890845
17894398
17895243
17903764
17903969
17904009
17910353
17911601
17911980
17913063
17913890
17916702
17917186
17922751
17924780
17929003
17929017
17930987
17932716
17935811
17938416
17939487
17941211
17942817
17943398
17943445
17945019
17946009
17946128
17948982
17949768
17950001
17951619
17953959
17958770
17962943
17969407
17970168
17972214
17973921
17975771
17976926
17978146
17979657
17979740
17981107
17981340
17982065
17982726
17984075
17986675
17991425
17993649
17997699
17997781
17998115
17998523
17999144
18001529
18001762
18002081
18003191
18005274
18005696
18006031
18007190
18011020
18011109
18014744
18015279
18016945
18019731
18030036
18030855
18031120
18033251
18035875
18038446
18039147
18039739
18044086
18052044
18052453
18054253
18055868
18057856
18062887
18066180
18066639
18066977
18072967
18073846
18076600
18076726
18076757
18077765
18080367
18080855
18081826
18086262
18087255
18088903
18092465
18094058
18095430
18100475
18108459
18108469
18110533
18112598
18119035
18119370
18120381
18120946
18122594
18124573
18131215
18132540
18133742
18134474
18139408
18140562
18141698
18142661
18144033
18144701
18145580
18148297
18151563
18152797
18153562
18155987
18159748
18161300
18161865
18162324
18164157
18168364
18172012
18172155
18175288
18181382
18181932
18184073
18185045
18185575
18187304
18189341
18190003
18191098
18192318
18194152
18195150
18195901
18199240
18200299
18200325
18201982
18204460
18207726
18211992
18213938
18216979
18218394
18218612
18221252
18223019
18224932
18227459
18228409
18228836
18229104
18237945
18239972
18240193
18242711
18245794
18248647
18249315
18252222
18252665
18252946
18253116
18253126
18255570
18256975
18259641
18261091
18263872
18265068
18265175
18265247
18265624
18267864
18268435
18268557
18268966
18269072
18272104
18273344
18274472
18275871
18276647
18277506
18277827
18279509
18280519
18283437
18284075
18284271
18286209
18287590
18290247
18295168
18296495
18298435
18298991
18299813
18300742
18300937
18301030
18301103
18302160
18303415
18305057
18305097
18305975
18306291
18307886
18309004
18310410
18310827
18311187
18313329
18319797
18320272
18321221
18323411
18324081
18325042
18330254
18331574
18336221
18337381
18339460
18339865
18340503
18340994
18344776
18351300
18351406
18351596
18352185
18355237
18355354
18356483
18357832
18361810
18362606
18363173
18370094
18370327
18370412
18374203
18374733
18375407
18375739
18375971
18380136
18381133
18384164
18385734
18387335
18389073
18389263
18389623
18389645
18392880
18392910
18393025
18395270
18399667
18400436
18403156
18404315
18406828
18407878
18410207
18411625
18412299
18412626
18417353
18418634
18421514
18422749
18424423
18426170
18430711
18433283
18433806
18435703
18437438
18437750
18446489
18446519
18451693
18451847
18453618
18454776
18456248
18456721
18457959
18460335
18460860
18461320
18461607
18465463
18469797
18470218
18471108
18473600
18475503
18475612
18475995
18478097
18479990
18480788
18485062
18485470
18486172
18487023
18489153
18492709
18494156
18495839
18496705
18498708
18500776
18503592
18503751
18503972
18505436
18505520
18505588
18509329
18510194
18510804
18512919
18516326
18519074
18519354
18521165
18521336
18521950
18524108
18524419
18525071
18525476
18529262
18530734
18531304
18531546
18534285
18535825
18536685
18537282
18537350
18537761
18541100
18542774
18543423
18543502
18543668
18543720
18544855
18545924
18549459
18550823
18553055
18557274
18560584
18560668
18562936
18563752
18563816
18563852
18568984
18572587
18576244
18579062
18579596
18580737
18586755
18588225
18588444
18588469
18589716
18593191
18595193
18595414
18595502
18596596
18599193
18602031
18605234
18606481
18607258
18610064
18616031
18616140
18616400
18616459
18616724
18618520
18620302
18623930
18627650
18629022
18630772
18632748
18634083
18634404
18634548
18635301
18637603
18639458
18641665
18642923
18644159
18645103
18645162
18646550
18649679
18649900
18650548
18650854
18650956
18653479
18654561
18655396
18655762
18657695
18658022
18658424
18663120
18664175
18665489
18666645
18667734
18668335
18668691
18669377
18670137
18670951
18671389
18672419
18672953
18678045
18679439
18679581
18679947
18683317
18684109
18685880
18694024
18696659
18699850
18700581
18700743
18704472
18705534
18705791
18705866
18709356
18713335
18715302
18715409
18716607
18716666
18718941
18724699
18726239
18727421
18729675
18730899
18731978
18733600
18734362
18735956
18736648
18737676
18738841
18738871
18739761
18739921
18742545
18743368
18743501
18746080
18746957
18749968
18750593
18751419
18753725
18754894
18757104
18757551
18757603
18759060
18759074
18759227
18764074
18769881
18772698
18776966
18777387
18779306
18779732
18780293
18780800
18788806
18791081
18792425
18792466
18793228
18793288
18794426
18796073
18796800
18803548
18803963
18804893
18807216
18810344
18811973
18814984
18815342
18815370
18817961
18820072
18822022
18822620
18823164
18824594
18824663
18825703
18828209
18830752
18833676
18838341
18838477
18839723
18841635
18842416
18845673
18847956
18849061
18855604
18858174
18859245
18862668
18864669
18865759
18869176
18870836
18872922
18873002
18873092
18876976
18881576
18882254
18882267
18883129
18884224
18885272
18887704
18895783
18896433
18899713
18902281
18902418
18903094
18903288
18903649
18904301
18906112
18906648
18907285
18909030
18909386
18909675
18912284
18912337
18912900
18914301
18914535
18918437
18919552
18920257
18922684
18923478
18924775
18925608
18932278
18932957
18933211
18934314
18935754
18936164
18937064
18938169
18938189
18938310
18939626
18939822
18941887
18942916
18943551
18945052
18947125
18947521
18947576
18949289
18949819
18950186
18951112
18951573
18951882
18954185
18954468
18957168
18957964
18959183
18965992
18968533
18968644
18969003
18969267
18969321
18969452
18970086
18974825
18977553
18984263
18987861
18987926
18987932
18988313
18988699
18988706
18989681
18991267
18992031
18993618
19001419
19003166
19004571
19011646
19012366
19013234
19013809
19014146
19014665
19015061
19015398
19016758
19017482
19021086
19024760
19025687
19026151
19026279
19026613
19028690
19031875
19031882
19034901
19036592
19040247
19042194
19043756
19046107
19047006
19050686
19050714
19051065
19051397
19052042
19053252
19053629
19053763
19056575
19061765
19062386
19065919
19066824
19067698
19068849
19075597
19075696
19079234
19079983
19080305
19082952
19083143
19083732
19085057
19085615
19086987
19090937
19092901
19096402
19102452
19102504
19106645
19108137
19111006
19111671
19112135
19112570
19113265
19113397
19113703
19113741
19113749
19115241
19116491
19116888
19116910
19118617
19119661
19119676
19121732
19122455
19123857
19124165
19127266
19127408
19127647
19129895
19130077
19131039
19137228
19138314
19138423
19139858
19141574
19145127
19146261
19148359
19150392
19150567
19161540
19164145
19165637
19166723
19167297
19171009
19174541
19174686
19178308
19181281
19184843
19186886
19187179
19188104
19191031
19192249
19195373
19197392
19197801
19201266
19202438
19203374
19204140
19204215
19207420
19209074
19212052
19212407
19213192
19214139
19217445
19219717
19219981
19227276
19228511
19231309
19233690
19235506
19235707
19237328
19239411
19241916
19242310
19243913
19244022
19245771
19246436
19249005
19250934
19251900
19253141
19257311
19258898
19260107
19261159
19263931
19265646
19266021
19266589
19267165
19267933
19270084
19270930
19270978
19270999
19274257
19274344
19275991
19277070
19277231
19277964
19292198
19294289
19294588
19295799
19295869
19297962
19298617
19301841
19307699
19310462
19312484
19314271
19315395
19315661
19318857
19320761
19321651
19322418
19329173
19329808
19330717
19331110
19334015
19335055
19335488
19338575
19341523
19341622
19344070
19345930
19349547
19349879
19354345
19355204
19358307
19359151
19361231
19361236
19363774
19367083
19367835
19369491
19371495
19373341
19376984
19377393
19377528
19378144
19378970
19379530
19380388
19383606
19383801
19386400
19387043
19389126
19393077
19393479
19393734
19396466
19397036
19398391
19399597
19403517
19403587
19404422
19405177
19405326
19405755
19409328
19415251
19415931
19421347
19422102
19422536
19424295
19425440
19425950
19426292
19435477
19437158
19440036
19441625
19441854
19442328
19442481
19443863
19446189
19447145
19449507
19449889
19450541
19450751
19452128
19453189
19454335
19455450
19455988
19456803
19457307
19457390
19458616
19460415
19461484
19463122
19466242
19466637
19466838
19469711
19469748
19471164
19471271
19471531
19471802
19472821
19477206
19479367
19482896
19483042
19484583
19486351
19486706
19488404
19488490
19490183
19492796
19493097
19493941
19494946
19495570
19496410
19502046
19503585
19503988
19504537
19505967
19507787
19510022
19512870
19514951
19516074
19516701
19518083
19519767
19526445
19526926
19528744
19530836
19532004
19532128
19536290
19539929
19545359
19545860
19548303
19548803
19550374
19550813
19552240
19557121
19557627
19560143
19560158
19560904
19560983
19561274
19562831
19565653
19567431
19567574
19569268
19569539
19574545
19575525
19575833
19577809
19586780
19587970
19589533
19589949
19590621
19592790
19593443
19595626
19600169
19601145
19608808
19612246
19612562
19613682
19613926
19614513
19614777
19616048
19616489
19617148
19617369
19623385
19626620
19627302
19637670
19638958
19652973
19654592
19660819
19663943
19668421
19669456
19670745
19671663
19674244
19674754
19675299
19676408
19686576
19688541
19692225
19694170
19695125
19701713
19703968
19705392
19705574
19705896
19706200
19706800
19707066
19709341
19713847
19714568
19714588
19717288
19717620
19717787
19718546
19723051
19728114
19729614
19733081
19736882
19744956
19747493
19748558
19751764
19755164
19755414
19756338
19758005
19758044
19760102
19760668
19762812
19763430
19764408
19767291
19767666
19768962
19769763
19770172
19774387
19777951
19784102
19785129
19786008
19788553
19789129
19789423
19793569
19793604
19794706
19794714
19794994
19795607
19797209
19797427
19799142
19799359
19800197
19802353
19802576
19804191
19805238
19807025
19808010
19808045
19813796
19813921
19818766
19820669
19821673
19822326
19824141
19826528
19829741
19834109
19835796
19836729
19836838
19840941
19841262
19848707
19850187
19857760
19859590
19859733
19863599
19865076
19866695
19866961
19867404
19870737
19871997
19879535
19881941
19882819
19885391
19885510
19887494
19887750
19888977
19889391
19889694
19891491
19892763
19894175
19898763
19900689
19900961
19901190
19901961
19902376
19903141
19903197
19905604
19906407
19906429
19907448
19907657
19910395
19910997
19913077
19913645
19913826
19918584
19920828
19921732
19922333
19923154
19927476
19927984
19928175
19928202
19930170
19930794
19932797
19938499
19943634
19950980
19951239
19955371
19955814
19955994
19956148
19956274
19958604
19959122
19961925
19965555
19968039
19968148
19968149
19971092
19971290
19973120
19976415
19976676
19977270
19977413
19979532
19981272
19983145
19983279
19987702
19990202
19992803
19992875
19993501
19994592
19996432
19999112
