10000826
10000883
10001884
10004749
10005858
10006269
10006825
10008830
10010867
10013453
10014354
10016832
10017882
10018244
10021348
10023404
10025412
10027445
10030863
10034441
10034675
10039615
10039643
10041690
10042315
10042508
10042737
10044458
10047088
10048001
10049397
10049902
10052736
10053207
10060142
10061731
10061786
10066099
10066153
10066304
10067480
10071605
10072949
10074070
10076354
10076506
10078805
10079466
10080985
10081375
10082224
10083304
10084680
10085836
10094811
10096413
10096456
10100918
10101379
10110584
10112559
10113898
10114253
10114825
10115118
10115513
10115952
10116409
10116621
10117812
10119959
10121482
10124081
10124176
10128902
10131388
10132989
10134861
10135321
10138206
10142213
10143777
10146938
10149507
10151918
10152132
10152878
10153544
10155529
10156218
10157205
10158544
10161118
10165522
10167166
10172520
10172649
10173219
10173920
10174747
10175289
10176871
10177209
10179696
10180991
10182632
10183920
10183957
10185371
10187685
10189947
10191244
10192354
10193189
10193428
10194944
10196161
10196241
10196319
10196878
10197745
10199125
10200129
10202208
10206740
10208781
10211120
10212469
10214395
10220150
10222753
10224976
10226598
10229579
10229634
10230473
10231309
10232033
10232096
10232183
10232363
10232369
10232749
10233088
10233131
10234345
10234442
10234596
10236418
10239917
10240022
10245574
10250525
10250801
10250809
10254053
10255173
10255842
10255967
10256956
10259718
10261471
10262310
10268206
10276676
10279057
10281385
10283452
10286867
10289100
10289394
10293985
10296472
10301122
10303503
10305417
10307641
10308042
10310043
10311541
10312652
10315019
10315745
10316343
10318445
10320252
10322201
10322592
10322606
10325086
10325746
10326429
10326584
10326865
10329352
10332111
10332722
10335293
10336109
10338515
10338535
10338774
10340309
10342737
10347477
10349029
10349974
10350272
10351309
10351666
10353190
10354034
10356603
10357025
10358620
10361930
10363834
10364595
10366316
10367545
10367718
10369838
10372320
10372743
10373619
10376174
10378479
10380147
10381269
10382167
10383715
10386233
10388902
10393281
10394039
10394498
10397575
10398911
10400743
10404727
10405275
10407272
10407716
10407848
10410237
10410672
10410872
10413587
10414948
10416179
10419111
10421675
10422455
10427107
10427159
10430999
10431794
10435399
10438072
10438106
10438363
10438851
10438974
10440284
10444425
10445216
10446442
10447634
10451906
10451947
10456068
10456993
10459158
10460276
10464640
10464844
10467383
10468327
10469579
10470152
10470481
10471032
10473323
10484768
10486854
10489625
10493948
10494215
10499056
10501946
10502984
10504589
10504668
10506743
10508400
10509555
10510194
10510639
10512461
10513093
10514615
10515759
10516482
10520122
10520647
10522594
10522614
10525185
10526583
10528926
10529348
10531529
10531917
10532998
10533670
10535086
10536763
10539963
10540231
10540273
10540442
10541410
10541772
10543486
10546256
10546701
10550646
10556708
10558127
10558339
10561185
10561732
10561929
10562293
10562525
10563073
10564377
10569231
10570344
10571299
10571311
10573256
10577647
10578325
10579120
10580252
10584705
10585013
10586112
10589780
10590139
10591041
10591069
10592550
10594721
10596099
10596723
10598277
10598349
10599377
10601679
10603001
10606965
10609611
10611487
10613397
10615103
10616357
10618930
10623101
10625726
10626445
10627650
10628475
10630649
10631509
10632506
10633750
10633990
10636786
10636904
10638281
10639820
10641246
10642942
10642962
10644222
10645750
10646419
10647753
10648576
10654798
10655908
10657729
10658749
10660342
10662309
10664400
10668884
10673024
10673457
10680436
10685081
10689216
10692049
10692995
10695410
10696430
10697731
10698479
10699400
10701727
10701816
10703209
10707704
10713894
10714633
10716002
10721475
10722598
10723021
10723667
10724086
10726467
10728515
10729252
10737349
10742902
10742969
10745225
10745571
10748293
10749200
10749457
10751502
10752220
10753381
10755782
10756182
10758909
10760280
10762397
10769360
10772987
10773032
10773338
10775646
10777285
10778373
10778897
10779535
10783607
10783916
10788307
10788917
10790510
10798786
10798787
10800504
10801616
10802246
10802475
10808971
10809053
10810509
10813088
10813541
10814612
10816676
10816781
10819930
10819991
10820044
10822797
10823878
10827522
10827948
10829429
10831159
10833578
10835235
10836349
10837867
10838987
10840832
10842180
10843975
10844470
10844869
10850433
10852360
10855160
10856878
10861671
10861892
10862893
10863109
10869309
10870358
10871684
10874014
10874057
10874497
10876084
10877778
10878306
10879284
10879375
10881561
10886165
10887275
10887646
10889053
10889482
10891127
10892526
10892605
10893121
10894254
10895299
10895358
10895841
10900933
10902637
10904161
10907011
10908909
10910728
10911335
10911365
10913063
10913263
10914774
10916096
10916451
10920046
10921049
10923495
10925193
10928517
10931417
10932669
10933772
10934210
10936654
10937641
10940920
10946466
10951083
10955411
10955944
10959327
10962154
10962943
10964604
10968776
10973577
10974948
10975913
10976739
10977023
10977795
10979189
10979309
10979480
10980359
10981864
10987169
10988496
10993115
10995547
10996599
10998936
11000258
11000566
11000816
11002199
11005836
11006621
11010019
11012011
11015757
11017416
11017835
11020291
11020801
11020841
11021124
11022511
11024282
11025099
11026124
11026175
11030303
11030386
11032063
11033005
11033025
11034062
11034601
11035691
11038433
11038541
11039641
11041067
11042957
11044215
11046156
11047392
11050568
11051942
11052890
11054773
11056044
11059893
11060677
11060742
11063533
11064174
11066451
11066748
11067354
11067904
11071933
11076668
11080476
11081965
11084297
11087850
11090516
11095087
11098566
11101381
11103511
11104607
11104980
11109792
11112149
11113918
11114660
11115877
11116699
11118023
11120723
11121301
11121710
11122064
11124395
11125126
11130122
11134087
11138283
11138860
11140309
11140987
11141946
11142309
11142397
11142406
11144164
11145508
11146680
11147500
11147633
11147761
11148580
11149302
11151085
11152718
11153652
11153716
11154185
11154428
11155222
11155676
11157141
11157909
11158071
11160460
11161948
11162035
11162693
11164407
11165270
11165590
11167079
11169503
11170201
11171059
11172503
11172857
11179053
11180547
11180585
11181846
11181943
11186968
11188032
11188872
11190562
11192275
11194896
11195375
11196373
11197946
11199188
11199765
11201015
11204623
11205206
11207217
11207609
11208462
11211905
11212652
11213611
11214229
11217880
11218208
11218819
11218867
11221409
11221731
11223230
11223769
11234811
11238357
11241376
11242742
11244356
11244587
11248860
11250484
11251999
11252056
11252751
11253006
11255776
11256588
11260017
11260833
11261450
11261661
11262225
11262628
11265514
11265554
11266481
11266603
11269314
11273235
11273551
11274111
11274360
11274910
11276465
11276818
11281515
11282068
11282127
11282950
11283932
11284817
11293326
11294303
11294748
11294914
11295625
11295854
11296951
11299970
11301108
11304475
11304790
11310207
11311733
11312147
11313653
11315075
11317529
11319765
11320104
11321249
11321446
11328035
11330386
11332528
11334180
11336775
11337018
11338386
11339006
11344116
11344335
11347834
11349584
11350745
11356316
11357292
11359183
11359868
11360592
11362538
11362749
11364834
11365932
11369376
11370993
11371539
11374330
11374806
11378063
11380735
11382186
11383648
11388735
11389860
11390807
11391426
11392049
11392289
11392794
11393554
11398755
11402871
11407753
11409236
11411009
11414069
11414077
11414617
11416422
11417082
11417552
11418009
11422231
11422531
11422719
11424498
11429378
11431240
11431342
11432819
11432826
11433235
11433722
11433907
11434670
11436396
11437063
11437519
11437634
11438822
11439137
11443957
11446193
11446339
11449055
11456959
11457450
11459221
11464574
11465302
11467486
11468696
11470134
11470790
11471184
11472206
11473476
11476401
11476888
11479932
11480131
11481453
11482153
11491355
11491465
11494054
11496569
11497101
11498374
11498951
11504456
11507315
11508340
11508359
11516184
11516639
11516880
11519118
11522507
11524047
11524048
11526292
11526341
11526741
11526961
11527820
11535847
11536047
11536718
11537711
11541378
11542052
11542222
11542777
11544606
11547054
11550728
11551105
11553136
11553299
11554320
11555110
11563804
11564299
11578310
11579068
11579658
11581638
11583884
11586163
11586360
11587038
11587903
11588078
11588680
11588714
11588728
11593190
11595362
11596330
11597448
11599227
11601291
11607177
11608644
11609635
11612602
11613173
11616506
11619788
11620166
11620587
11621594
11625767
11631261
11632582
11633584
11639065
11640480
11644342
11645008
11645824
11646903
11649157
11650145
11656435
11657260
11659674
11660656
11664955
11667920
11668302
11669075
11670793
11671127
11680044
11680612
11682005
11691907
11692822
11694662
11697368
11698156
11703588
11703598
11704068
11705044
11707304
11707717
11710101
11711175
11712104
11712550
11712892
11719740
11722300
11723739
11726187
11732911
11733382
11735449
11737161
11738188
11739396
11739635
11744017
11745820
11747893
11748817
11749023
11749479
11750945
11760999
11763662
11764337
11767491
11771462
11772764
11775023
11780874
11783658
11785712
11785839
11786902
11793183
11796457
11797149
11797792
11798153
11800953
11803045
11807984
11809210
11810816
11811152
11812296
11814062
11815581
11817597
11818111
11818940
11824773
11824876
11828771
11832285
11837151
11837742
11839392
11840833
11842135
11846629
11847448
11847915
11848487
11853064
11856771
11858684
11861582
11861703
11862117
11864716
11865272
11865363
11866098
11866495
11869721
11871909
11873414
11875958
11877980
11879934
11880901
11881213
11881615
11884818
11884836
11885313
11893596
11895000
11897445
11899825
11901665
11910372
11914072
11914088
11914461
11917509
11918775
11920441
11920750
11921637
11924424
11926751
11928680
11929508
11929528
11932079
11932181
11933531
11936935
11939359
11941882
11942248
11942341
11942619
11945289
11950710
11951067
11951678
11952729
11953398
11955250
11955828
11959404
11961951
11961959
11962117
11962176
11963788
11964134
11964399
11964738
11965133
11967037
11970374
11970605
11978297
11979420
11984316
11986246
11986683
11989982
11990533
11991830
11992999
11994050
11994631
11995308
11995554
11999798
12000858
12004454
12007525
12008045
12009434
12009854
12013400
12013584
12015581
12015789
12015970
12016348
12022255
12024744
12025164
12026058
12027869
12029820
12033608
12033967
12040122
12042358
12042370
12045972
12046189
12047135
12047573
12051541
12051880
12053674
12055833
12057859
12067081
12067548
12068551
12069169
12069235
12074490
12076540
12080593
12081080
12085003
12089662
12091122
12091495
12093399
12095687
12101085
12103674
12103788
12105862
12106911
12107107
12109117
12109220
12109996
12111843
12113349
12113677
12114448
12114576
12114783
12116445
12118104
12118868
12120023
12122431
12126110
12127429
12128727
12137085
12137444
12137757
12138462
12140506
12146637
12146933
12150784
12151430
12152630
12154104
12154903
12155553
12160068
12160201
12163579
12165026
12169135
12170620
12171765
12173249
12173569
12176201
12179911
12185056
12186421
12191423
12195111
12197131
12197149
12203657
12204510
12204716
12208100
12209376
12209596
12210103
12211590
12212143
12212246
12212972
12215905
12216031
12216856
12219185
12219446
12222086
12222358
12222824
12224462
12225682
12226286
12227599
12227782
12232409
12233133
12236007
12237086
12241873
12250415
12250460
12251785
12253291
12253310
12256721
12258509
12260543
12260873
12263568
12263746
12263914
12267781
12267983
12270575
12272416
12275059
12277308
12281030
12281038
12281504
12282290
12283705
12284996
12290544
12292626
12297983
12298098
12299368
12301433
12301489
12302899
12306140
12308640
12311124
12311404
12312739
12314999
12315097
12315554
12318140
12318435
12318808
12320168
12320754
12321530
12322492
12324993
12325968
12326538
12327475
12327691
12328769
12330020
12330862
12330994
12332171
12332280
12332609
12333740
12336408
12338292
12338995
12340484
12340605
12342286
12342431
12342830
12345230
12347950
12350960
12351498
12362114
12369158
12371966
12372147
12375344
12377490
12379757
12380759
12381582
12381676
12383667
12385751
12388650
12389333
12390080
12392342
12393199
12393678
12398564
12402750
12406334
12407454
12411522
12411749
12415528
12415909
12417379
12418587
12419691
12423218
12426769
12426816
12428837
12429112
12429725
12433059
12433486
12433669
12435304
12435705
12436547
12438109
12438344
12439266
12441850
12444984
12445798
12446088
12446784
12447582
12451629
12453461
12453656
12457875
12458657
12460852
12461119
12469631
12469804
12474639
12476145
12476448
12479029
12479362
12479564
12479684
12481731
12484420
12486265
12489752
12490653
12490763
12490769
12493182
12494219
12495749
12496734
12497326
12497388
12500740
12500891
12500959
12501777
12501927
12504140
12511614
12512659
12517281
12517435
12517631
12522208
12522883
12523677
12523808
12524934
12530290
12533756
12537266
12537511
12537856
12540461
12541351
12546064
12553567
12556453
12556544
12558002
12558600
12559395
12563943
12564356
12566624
12569759
12572784
12578541
12579571
12580715
12580962
12584392
12584426
12585863
12587328
12589553
12595668
12596005
12599472
12601998
12602756
12604466
12605012
12605993
12608425
12612502
12613466
12615359
12616915
12618664
12619303
12620449
12624383
12625349
12627239
12627619
12629452
12634011
12635570
12636228
12636635
12637474
12637845
12638876
12639077
12648398
12648465
12649740
12650779
12651069
12661134
12661334
12661718
12661774
12661914
12664522
12665798
12666107
12667278
12668627
12670180
12670932
12671770
12676525
12679789
12680017
12681352
12681864
12684201
12686917
12687112
12688110
12688557
12690315
12691397
12691676
12691748
12693581
12693747
12695930
12696381
12698907
12699974
12700410
12701519
12702868
12704424
12706378
12707293
12709045
12709838
12710622
12712793
12716253
12716570
12719632
12720622
12721583
12724975
12726319
12726628
12727680
12728790
12733544
12733611
12737757
12738761
12741070
12742970
12744870
12746068
12746300
12746511
12746923
12748022
12754095
12754214
12754387
12755932
12756387
12761653
12763238
12765859
12766022
12766984
12767564
12769462
12770231
12772005
12772508
12772660
12774288
12776226
12778087
12783466
12783513
12784282
12788108
12788683
12789792
12790721
12791607
12793562
12794953
12795027
12797234
12797527
12797792
12803426
12805493
12807885
12809461
12812588
12814079
12816084
12820287
12822277
12825636
12829354
12830627
12833439
12833982
12834699
12838031
12838062
12840343
12840655
12841715
12843115
12844364
12844607
12845623
12845953
12848143
12848771
12848893
12851746
12852191
12853244
12857016
12857708
12861031
12861116
12864017
12864654
12867105
12867386
12870481
12870501
12874917
12876981
12880769
12882700
12882985
12884787
12886729
12887427
12888059
12888389
12889570
12893355
12893459
12893999
12896928
12902597
12904593
12907023
12907046
12907112
12909773
12912439
12916709
12917135
12917695
12920400
12920843
12921825
12922880
12923921
12926674
12928630
12928675
12929007
12929412
12930444
12933908
12936085
12938211
12940984
12942828
12944067
12947315
12950657
12950787
12951138
12953693
12958643
12960683
12961854
12963524
12965653
12966418
12966608
12967605
12972444
12973666
12975350
12975896
12976699
12978382
12981546
12984976
12985451
12988124
12990121
12991634
12992793
12994754
12995452
12996416
12997267
12997914
12999688
13004262
13006627
13007957
13010083
13014411
13019843
13021294
13021689
13023741
13024402
13026903
13029568
13030173
13032426
13034409
13035922
13039121
13039135
13039362
13042109
13043962
13044282
13044973
13049093
13049789
13049855
13055133
13056150
13057546
13059212
13061918
13062681
13067376
13067925
13069558
13071068
13071213
13072562
13073127
13073361
13078949
13081893
13086918
13088993
13090739
13092718
13093962
13098240
13098590
13102337
13103745
13104612
13106823
13107118
13108511
13112050
13112619
13113873
13114102
13114978
13116733
13120331
13123542
13126471
13127425
13128114
13130470
13133770
13133774
13134988
13135830
13139269
13140343
13141642
13141991
13143946
13144485
13145576
13146404
13146468
13151762
13152910
13153367
13155148
13157109
13157326
13160044
13160153
13160232
13160777
13162566
13166069
13168242
13168680
13170509
13172367
13172515
13179083
13179931
13181491
13182470
13184715
13185965
13186371
13187885
13188849
13189376
13189998
13190316
13190543
13192231
13193126
13193522
13194166
13195199
13195682
13195843
13200206
13204581
13206554
13209424
13209803
13211201
13211835
13213589
13213952
13214418
13219010
13221895
13229939
13231172
13231528
13231803
13231919
13232265
13233424
13234261
13234507
13234800
13235049
13241760
13245432
13245545
13247034
13247540
13249077
13250595
13250877
13252493
13252757
13253137
13254133
13258433
13258535
13258924
13260154
13262317
13264592
13265746
13271286
13274707
13276959
13277339
13278218
13279221
13284856
13287790
13291351
13291582
13294365
13296796
13296866
13297390
13299027
13300624
13300816
13301004
13304652
13308525
13311358
13315642
13316810
13318789
13320407
13320677
13320812
13322410
13323792
13325402
13330149
13332086
13332593
13335105
13341409
13343553
13348737
13355766
13356314
13358917
13359278
13362572
13364829
13366960
13368734
13369196
13370388
13370573
13372290
13376540
13378640
13381508
13383377
13385228
13389497
13391852
13392189
13394897
13398318
13400087
13400613
13403272
13405853
13407724
13414137
13418746
13419673
13421438
13421811
13424604
13425822
13427456
13427497
13428830
13429025
13433425
13434293
13436453
13438496
13439499
13445123
13446841
13447210
13447830
13450999
13455616
13455712
13457638
13458840
13460394
13461394
13466312
13467551
13469394
13472695
13473896
13477201
13480853
13481067
13482764
13484387
13484701
13487675
13488366
13492706
13492911
13495619
13498110
13499860
13502891
13504185
13505302
13505459
13507804
13509333
13511052
13514482
13514726
13515046
13515776
13517519
13517785
13518014
13518019
13519354
13519717
13524869
13525226
13534208
13535614
13537042
13539054
13539119
13541849
13541891
13542676
13543209
13545770
13548097
13549490
13550450
13551093
13553357
13554777
13563423
13564061
13566696
13569498
13570315
13570401
13571215
13572265
13573921
13574699
13577593
13577943
13578635
13578813
13580328
13580337
13583455
13584300
13585607
13586725
13588484
13588918
13589747
13589815
13593587
13593614
13593695
13595612
13596618
13596775
13596963
13598903
13600402
13600729
13601977
13603234
13603371
13605134
13605406
13606007
13609503
13613086
13613779
13613806
13615050
13620373
13620451
13622505
13623686
13624277
13624868
13626213
13626230
13626864
13631551
13633476
13634903
13636434
13636784
13637152
13639034
13639338
13641871
13644218
13644233
13645414
13645981
13646052
13646194
13646676
13646862
13647036
13648333
13648483
13648633
13652533
13654589
13659505
13660890
13663829
13667790
13669449
13670383
13670819
13670865
13672930
13675925
13676021
13676624
13677372
13680391
13682185
13686324
13686689
13687398
13688235
13690684
13692674
13696494
13697954
13699942
13701739
13702246
13703681
13705796
13706339
13710899
13712313
13713802
13714019
13714497
13716043
13716521
13716758
13717902
13718772
13718820
13719696
13720991
13730439
13735099
13736466
13738413
13738898
13744239
13745418
13747354
13747362
13747567
13747710
13747773
13748338
13749153
13749923
13751280
13751344
13751677
13754336
13756625
13759715
13760297
13761048
13762217
13763296
13768275
13775111
13782435
13784184
13785877
13788313
13792541
13794191
13795216
13796043
13797496
13797531
13800289
13802073
13802481
13802753
13804586
13807456
13807568
13808665
13810791
13812369
13817474
13817642
13817697
13818168
13818699
13819466
13821444
13823007
13824034
13824222
13824236
13824545
13824614
13829819
13831137
13832956
13833640
13835777
13836582
13837054
13837151
13837580
13840316
13841691
13846611
13847076
13847307
13847439
13849231
13851659
13852390
13853743
13854902
13858960
13859407
13860954
13864291
13865370
13866238
13866776
13867253
13868179
13869052
13869307
13869482
13871348
13873300
13873614
13876470
13879377
13881134
13881524
13882872
13885207
13885329
13885361
13885364
13885968
13888077
13889025
13889335
13889680
13892963
13894647
13894970
13896859
13896896
13897000
13898281
13899534
13902474
13904335
13906212
13907337
13908498
13909537
13909683
13911546
13913422
13918057
13919783
13923632
13925706
13928114
13929206
13929574
13931173
13933803
13934025
13938164
13940963
13942554
13943627
13945369
13945721
13946270
13947224
13947926
13951325
13953299
13953606
13953739
13954715
13954988
13956008
13957347
13958040
13959376
13960137
13960147
13962837
13963632
13963782
13965106
13965853
13970056
13970363
13971790
13972058
13973998
13974934
13975079
13978279
13979720
13986060
13986865
13990378
13994812
13995234
13998353
14002777
14004199
14006103
14007973
14008764
14010455
14013094
14015376
14015762
14017006
14020162
14022217
14022623
14022863
14025516
14025546
14026266
14027446
14027877
14029377
14029474
14029639
14029970
14031401
14035217
14036990
14039904
14041645
14042584
14043018
14044422
14044740
14044926
14045138
14045410
14045602
14047159
14050014
14050331
14050777
14051249
14052617
14054129
14054217
14063160
14063236
14065919
14066389
14067574
14074269
14074997
14076129
14076561
14077346
14078147
14080908
14081423
14081903
14082986
14084034
14086565
14087739
14088846
14088894
14091437
14092957
14093656
14095093
14096083
14097757
14101703
14101711
14102387
14105485
14106352
14108194
14108749
14111636
14112944
14113726
14113895
14116027
14116445
14119231
14122529
14125376
14125417
14128299
14129294
14132148
14134227
14136191
14137240
14137888
14142607
14142657
14145716
14147138
14149319
14150037
14153576
14153776
14155770
14156588
14157979
14158894
14160253
14162699
14162917
14163173
14163607
14165118
14165841
14168528
14169870
14171148
14172786
14173165
14175639
14177121
14179454
14179826
14181715
14185117
14185474
14187479
14187780
14194078
14197574
14197637
14198712
14202902
14203331
14205500
14206447
14206540
14207241
14208207
14208784
14209190
14210147
14211355
14212964
14213033
14218290
14218974
14219421
14220347
14222445
14223364
14224981
14225838
14229589
14234484
14235841
14239067
14240694
14241862
14245374
14248451
14249055
14250520
14252529
14256917
14260775
14263465
14264347
14270823
14271500
14272474
14277324
14277590
14279548
14281506
14281947
14282303
14282838
14283210
14283373
14284898
14285052
14285807
14288958
14290075
14291611
14292048
14297910
14299874
14303282
14303891
14303994
14306457
14307940
14311242
14311521
14312034
14313027
14314192
14315131
14316418
14317950
14318623
14320018
14320685
14322111
14324724
14324772
14327533
14328049
14330367
14330526
14331357
14332783
14333009
14336711
14336761
14338634
14339481
14343759
14344016
14347268
14352865
14354698
14354958
14358282
14359524
14365612
14367028
14369607
14370963
14374577
14376118
14379933
14380403
14380537
14381310
14384013
14385973
14386435
14387488
14387612
14390127
14393823
14395227
14396180
14399529
14402245
14403642
14403935
14407988
14408236
14412303
14413645
14417110
14419579
14419958
14420062
14422845
14425353
14425413
14426058
14426316
14426498
14427359
14427764
14433124
14442786
14443919
14447673
14447762
14448712
14451136
14452331
14453209
14454179
14455467
14457200
14457290
14458334
14460824
14461699
14462434
14462909
14464018
14464103
14464376
14465241
14469045
14474676
14474931
14477322
14478454
14481207
14482581
14483570
14484538
14486034
14490218
14490642
14493095
14493151
14494241
14496767
14497396
14499273
14500585
14501138
14501302
14503971
14513140
14514155
14514641
14515506
14517504
14517912
14518697
14519524
14525864
14526852
14530510
14531278
14533011
14533879
14539832
14539889
14541585
14544857
14548203
14551157
14553673
14554789
14555871
14556093
14557357
14558598
14559218
14559599
14560081
14564347
14572253
14575931
14577371
14581502
14582685
14583173
14584019
14584244
14584995
14585360
14586240
14586789
14586819
14586877
14588131
14590377
14591912
14596661
14596713
14598250
14601198
14604957
14608570
14611833
14612784
14613895
14614500
14619006
14619322
14620150
14621253
14624648
14626029
14629718
14630779
14634258
14634306
14634689
14636748
14638724
14638806
14639453
14639544
14640799
14641484
14644195
14644494
14648294
14648419
14649375
14650010
14654520
14658272
14658645
14659166
14659749
14660563
14661372
14661491
14662145
14662246
14662388
14664202
14664256
14665793
14665909
14666541
14670326
14672802
14673017
14673796
14675121
14675620
14679657
14679987
14680208
14682081
14682224
14682825
14684362
14685588
14687844
14691603
14693832
14694435
14696961
14697956
14700158
14700986
14701988
14702216
14702665
14705409
14706398
14707383
14707918
14708146
14715972
14716465
14716502
14716784
14717225
14717629
14723419
14727870
14727982
14729236
14729536
14730139
14731280
14738006
14739658
14741618
14744426
14747604
14749985
14750257
14750895
14754679
14755990
14758592
14759952
14760598
14764218
14767018
14767533
14769071
14770793
14772098
14781586
14783115
14783325
14783503
14785272
14785541
14785819
14786207
14786296
14787905
14793685
14796505
14797364
14797383
14797952
14798429
14799933
14801186
14802154
14803510
14804341
14805048
14805318
14808254
14808557
14809072
14809384
14811525
14811770
14813707
14814589
14815004
14817184
14817284
14817463
14818921
14819028
14821396
14825269
14825995
14826197
14826554
14826600
14826672
14834029
14834941
14838237
14838424
14842257
14842336
14842416
14843660
14844348
14847512
14848893
14853951
14859871
14863876
14864385
14865501
14865801
14866820
14867283
14867511
14867762
14869159
14870594
14870834
14873763
14873869
14876940
14877035
14878618
14878711
14879172
14879574
14880079
14884502
14887134
14887311
14888555
14890891
14895389
14896142
14898288
14898556
14900420
14901383
14906356
14910490
14912045
14912531
14913929
14913932
14915851
14916581
14918002
14919817
14922457
14923946
14924509
14928151
14930522
14939763
14940191
14940470
14940683
14941568
14943472
14943766
14946369
14947823
14948160
14948724
14949156
14949869
14951342
14954031
14954256
14955506
14956646
14958436
14959929
14961172
14965610
14965870
14966336
14968203
14974664
14974839
14975578
14976476
14977395
14981001
14983519
14983810
14984354
14985566
14985884
14987846
14992736
14992774
14992989
14997209
14997560
14997728
14998286
14999761
15001883
15002099
15004599
15006411
15007866
15008497
15008784
15009990
15013734
15015154
15016175
15018122
15020816
15021013
15023390
15025927
15031009
15031139
15031355
15036918
15041651
15046975
15049025
15050125
15051792
15054145
15055765
15055832
15056079
15057889
15060324
15060441
15063285
15063388
15064672
15064845
15066023
15068958
15069003
15071513
15072616
15072763
15073573
15078827
15080593
15080650
15080672
15081479
15083562
15085100
15086707
15090349
15091490
15094044
15094573
15094677
15095087
15095636
15097278
15100883
15102612
15102909
15104441
15105504
15105749
15108590
15111021
15112739
15118488
15121109
15123226
15123572
15127408
15127539
15127661
15128348
15128895
15135064
15136878
15137342
15138859
15139424
15144499
15147932
15156617
15158853
15159525
15160044
15160574
15162058
15165543
15165665
15166430
15171624
15177630
15177805
15180091
15180359
15185293
15186027
15189688
15195372
15197439
15200024
15200619
15205887
15207000
15207909
15207911
15210695
15211698
15213332
15213711
15214393
15214495
15217648
15219645
15220055
15220971
15224852
15225409
15227454
15233538
15234448
15239192
15239216
15240461
15245864
15247151
15248285
15249325
15252223
15253315
15254448
15255530
15255539
15255911
15256484
15257887
15262971
15263567
15267791
15268532
15275851
15277579
15281875
15286360
15286496
15289075
15290893
15299779
15299956
15301445
15304068
15305309
15306246
15306412
15308512
15308966
15314578
15322018
15323001
15325308
15325870
15327388
15330361
15330843
15333597
15338473
15338534
15342379
15342400
15342463
15343461
15345887
15346117
15349054
15352190
15356508
15357332
15358087
15363237
15365446
15365473
15368003
15372632
15373225
15373651
15374709
15375424
15377392
15380008
15381749
15382601
15382782
15384072
15389294
15389917
15390729
15392604
15393287
15395873
15396457
15399890
15400193
15400690
15402907
15406838
15407209
15410206
15412865
15413327
15419032
15419112
15419674
15421124
15421270
15424640
15425127
15425727
15428104
15431715
15432819
15433851
15435396
15439482
15440323
15441005
15442932
15443803
15444862
15445591
15449134
15450205
15450430
15453610
15454782
15457881
15459505
15460487
15461535
15463535
15464490
15469245
15472212
15473085
15475515
15477040
15479919
15481018
15482552
15483574
15483911
15485960
15486248
15488550
15491500
15497156
15498601
15499057
15501251
15501368
15504296
15505450
15509237
15510659
15511456
15513679
15514088
15515335
15515597
15517295
15519215
15523187
15523709
15526881
15528571
15528684
15531497
15533505
15534855
15534863
15537331
15538525
15540432
15540985
15542681
15543801
15544297
15544707
15545531
15547637
15547667
15548855
15552966
15554210
15556569
15558105
15558291
15558408
15558824
15561220
15563533
15564777
15565777
15567127
15574516
15575615
15578020
15580243
15580346
15583960
15585772
15587897
15588785
15589031
15589747
15592344
15593982
15594768
15594920
15595231
15597118
15597400
15601381
15602063
15605173
15606428
15607490
15611996
15612094
15612850
15613867
15613928
15621546
15624732
15625149
15625205
15634635
15638809
15642525
15645017
15650304
15652960
15655375
15658481
15662374
15663173
15666655
15669649
15671397
15671550
15672166
15674909
15675861
15678522
15678573
15680725
15687173
15688449
15688711
15688735
15689237
15692542
15692648
15696627
15702551
15704517
15704793
15706386
15706510
15708292
15709481
15711279
15711796
15715400
15718054
15719906
15722138
15723530
15724812
15724875
15726742
15730738
15731747
15732439
15734658
15735248
15737439
15739903
15740961
15743476
15743705
15744382
15744667
15744945
15745693
15748532
15748598
15749201
15753906
15754765
15758496
15760180
15764628
15768973
15769492
15770605
15773666
15775469
15775757
15782217
15783315
15787848
15788877
15789873
15794497
15797521
15797927
15799548
15799957
15800344
15804669
15810388
15810687
15811456
15815865
15819420
15820832
15822019
15823892
15824520
15824797
15829259
15831994
15833032
15834848
15837657
15843680
15844909
15846011
15847163
15847915
15848995
15849029
15851020
15852670
15853343
15854896
15860896
15861479
15861513
15865120
15866478
15873797
15873994
15874883
15882174
15883206
15886089
15887674
15888241
15889262
15891125
15896096
15898350
15899120
15900229
15900787
15902500
15902712
15903016
15904774
15905572
15906396
15906662
15907466
15913782
15913858
15914421
15915541
15916468
15917660
15918071
15918560
15924226
15924245
15924515
15926152
15934052
15934354
15935923
15936487
15939466
15940886
15941623
15945510
15952251
15956147
15957889
15961741
15963593
15966946
15968601
15969824
15971730
15980496
15985958
15986815
15989209
15989953
15992323
15992457
15993750
15994658
15995817
15999271
15999573
15999575
16001269
16001451
16001811
16002576
16002613
16004791
16007353
16008085
16008337
16013230
16022759
16023218
16024912
16029154
16030116
16031050
16034207
16034229
16040532
16041235
16041980
16047854
16050391
16053315
16053734
16059088
16060149
16061032
16063259
16063561
16064718
16065227
16068510
16068542
16072234
16072449
16073189
16076722
16076923
16077693
16077947
16078917
16079219
16084174
16090489
16093445
16094649
16099802
16100569
16101524
16102265
16107366
16108443
16108710
16108916
16109120
16109821
16115563
16116264
16119653
16120127
16122692
16123073
16124715
16126180
16129450
16132153
16132201
16132288
16133372
16134413
16135001
16140109
16142730
16143646
16148196
16149168
16152380
16154727
16155012
16157987
16160702
16169667
16173420
16178702
16179290
16180493
16182980
16184486
16186048
16187864
16188510
16189938
16190313
16190714
16192846
16193046
16193784
16194056
16194674
16196316
16198258
16204250
16205158
16205540
16206137
16207932
16208618
16208725
16209336
16210361
16211382
16214658
16214801
16215334
16220750
16225458
16226263
16227344
16228367
16231014
16231618
16235004
16239332
16239914
16242545
16245926
16246158
16250053
16256079
16256676
16258790
16259010
16259223
16260575
16260636
16260641
16261620
16263451
16263506
16265635
16270987
16273050
16273258
16274982
16276011
16276791
16278720
16279965
16280495
16280892
16281528
16285428
16289800
16290577
16294656
16296812
16298641
16300595
16300928
16300959
16302513
16303508
16304014
16304469
16304815
16305524
16308645
16308695
16310069
16310522
16311268
16316667
16317179
16319461
16319465
16319489
16321943
16323063
16325474
16329292
16329968
16330421
16331339
16332132
16332165
16333048
16333613
16336326
16336818
16337885
16338107
16338753
16341951
16342714
16345227
16347129
16349179
16350590
16351374
16353835
16354216
16358066
16359771
16361320
16362604
16363597
16367461
16368900
16372839
16375504
16377086
16377440
16378154
16379286
16381062
16381242
16383512
16384159
16386077
16390710
16394197
16394649
16398405
16398746
16398775
16399289
16400843
16402639
16403637
16404747
16405270
16411546
16411926
16412899
16415687
16418029
16418101
16419105
16421231
16422124
16426705
16429018
16429087
16429698
16432859
16432976
16433543
16438218
16438268
16439815
16440292
16441811
16444971
16445281
16447393
16449849
16455896
16456262
16461707
16462361
16473865
16474108
16475560
16476936
16479007
16483781
16485679
16488478
16488920
16490198
16490589
16495767
16496827
16499845
16501472
16501624
16503551
16503576
16506199
16509641
16516961
16520070
16520145
16524597
16524830
16526179
16526458
16528610
16529634
16531202
16534206
16535975
16536431
16536690
16537076
16539559
16542159
16542678
16545530
16546662
16548419
16548967
16551092
16551879
16552715
16555186
16555711
16556728
16557657
16558292
16558354
16558825
16561863
16566848
16568383
16569118
16570822
16572865
16572917
16573168
16574150
16575021
16577541
16578864
16582802
16590469
16591390
16592549
16592621
16592703
16594095
16596590
16597435
16597708
16598627
16598743
16602132
16603480
16606793
16607849
16612390
16613702
16613914
16614421
16617005
16618548
16620404
16621898
16622880
16627881
16630240
16634832
16635552
16639866
16640818
16641559
16644570
16646061
16648375
16648810
16650142
16652217
16654279
16656033
16656257
16657295
16659419
16660935
16661979
16663514
16664016
16666367
16667797
16668445
16669530
16676544
16679583
16679934
16680109
16682591
16682814
16683000
16683014
16683495
16683749
16684052
16686797
16690736
16691711
16695384
16696813
16697276
16701879
16703291
16704523
16708263
16710056
16716970
16717121
16717570
16719580
16719597
16720206
16722018
16723593
16724824
16725940
16726452
16726542
16728548
16729729
16737462
16742199
16748058
16750909
16754997
16758230
16760919
16762061
16762484
16763722
16765264
16770658
16771877
16772825
16776268
16776396
16777406
16779219
16779932
16781904
16783591
16785207
16789170
16792588
16793533
16795831
16800069
16800691
16809111
16809657
16811592
16814126
16815301
16816345
16816491
16817956
16818475
16819001
16819140
16819897
16819961
16820491
16825336
16825375
16829618
16831196
16831415
16832582
16835119
16835786
16838742
16843819
16844176
16845212
16846196
16854265
16854972
16856152
16856574
16858700
16859501
16859561
16863755
16863906
16864799
16865051
16868422
16869653
16869815
16873011
16874112
16877684
16878480
16879600
16879843
16880820
16881623
16881816
16883103
16883334
16887057
16888833
16890919
16891264
16892724
16895647
16897979
16902356
16903682
16906282
16911343
16911892
16912853
16914821
16915239
16915278
16918461
16919709
16921794
16921871
16922940
16923127
16923228
16926728
16926885
16927265
16930174
16932362
16934599
16934687
16935034
16935781
16935863
16936135
16936739
16939191
16940456
16945021
16945641
16949991
16954290
16954741
16957937
16961751
16962494
16963235
16963706
16966276
16967877
16968072
16968684
16971333
16975579
16976073
16981981
16983240
16983840
16984848
16985363
16986067
16988237
16989754
16990294
16992495
16993418
16994892
16995509
16996573
16997085
16997368
16999096
16999253
17000144
17002060
17003639
17003924
17006128
17013967
17015027
17019633
17020822
17021364
17021769
17023091
17025500
17025867
17027866
17028248
17030587
17032485
17034594
17034674
17034816
17040781
17042033
17042816
17043686
17044875
17046092
17048791
17049500
17050066
17050478
17051984
17052030
17052651
17056836
17058634
17059964
17059982
17060614
17060897
17063349
17064294
17064994
17073291
17073405
17075078
17075288
17075662
17083770
17086932
17086988
17088866
17090453
17092268
17096759
17099382
17102812
17103830
17106410
17108489
17109881
17113786
17114847
17115795
17117562
17117948
17118536
17118673
17121215
17122671
17123213
17123250
17123312
17130427
17132597
17133357
17133895
17137009
17137950
17138461
17142064
17144575
17145321
17147039
17147475
17151923
17154319
17157859
17160770
17160874
17163650
17163792
17164854
17165836
17169846
17172787
17176334
17177086
17180499
17181196
17181302
17183590
17185200
17185354
17189056
17189894
17196934
17197274
17197713
17198169
17198215
17198509
17201282
17201524
17203569
17204160
17204230
17205309
17205389
17206954
17208866
17212434
17216508
17217644
17219671
17221358
17222255
17222785
17223218
17226276
17226720
17226940
17227498
17227951
17228108
17228585
17230958
17237690
17240652
17241759
17242689
17243456
17244673
17245635
17246002
17248208
17249061
17251123
17254814
17257617
17257913
17258355
17258741
17260638
17261693
17262663
17267105
17269378
17270387
17270957
17271285
17273493
17274271
17275642
17275803
17282935
17283073
17283894
17286918
17295949
17296415
17296727
17299272
17299746
17300645
17301514
17301721
17304751
17306936
17307365
17308313
17309063
17319953
17321036
17321289
17326247
17327789
17330149
17332406
17334360
17334625
17336089
17337033
17337187
17337545
17340702
17342210
17342366
17347076
17348545
17349350
17350251
17352201
17352565
17353359
17356136
17357721
17359967
17363124
17364884
17366116
17371793
17374598
17380623
17382839
17384571
17387073
17390479
17395360
17404258
17404701
17406634
17407171
17411142
17411591
17412145
17416494
17417589
17419226
17421053
17423008
17426025
17429280
17430637
17432857
17435905
17436979
17438183
17440012
17441267
17444329
17448151
17451575
17452305
17452476
17452797
17457246
17458210
17459064
17459300
17459305
17459954
17464501
17465872
17471789
17475779
17476435
17478846
17478985
17481093
17482109
17486028
17486849
17489583
17489830
17494718
17495419
17499017
17502616
17503184
17504528
17505480
17507320
17511243
17511486
17512421
17512654
17512748
17513280
17513748
17513950
17514642
17515905
17518226
17520997
17523980
17524855
17524875
17526893
17528306
17528875
17528912
17532594
17532744
17536086
17539621
17541440
17541514
17542507
17542848
17545621
17545707
17546242
17548791
17551383
17552934
17556555
17556864
17557884
17561899
17564506
17567860
17568265
17568406
17568872
17569543
17569609
17573287
17578896
17578973
17580724
17581372
17581494
17581565
17582596
17583164
17585307
17587267
17587688
17588283
17590566
17591373
17592100
17593064
17594648
17597551
17597960
17598647
17601592
17603518
17605529
17607008
17607440
17607718
17609823
17610691
17611280
17613391
17614272
17619558
17620018
17625066
17625485
17626170
17627518
17631983
17633483
17634362
17636328
17637565
17640641
17645362
17645461
17645547
17646626
17647642
17650401
17651383
17651500
17657165
17657693
17660432
17660869
17660896
17661861
17663219
17666257
17668345
17669495
17676327
17676551
17683335
17684111
17687276
17688595
17688899
17689026
17689450
17692422
17692522
17698024
17698263
17703135
17706804
17709155
17710353
17711762
17713696
17714175
17715637
17716210
17717605
17718522
17718683
17718978
17720924
17723818
17727506
17727739
17727837
17730256
17730999
17732534
17734287
17734595
17734737
17737380
17737679
17739602
17740852
17741923
17742002
17742507
17744146
17745354
17745788
17747005
17747282
17748421
17748848
17750176
17754388
17757767
17761585
17761730
17763551
17763646
17763871
17769122
17770257
17770586
17770649
17773792
17777325
17780375
17781298
17782126
17785403
17786042
17786511
17787593
17788583
17791357
17791695
17791816
17793996
17795477
17795700
17797252
17797712
17797856
17799163
17805616
17806475
17807271
17809030
17809500
17814703
17817269
17818363
17818524
17818963
17820189
17825366
17830908
17831099
17831116
17832281
17836427
17836650
17837345
17837354
17838655
17841373
17843659
17843899
17845461
17846223
17848811
17849399
17849496
17851005
17851477
17862236
17863168
17865460
17866961
17868595
17868866
17871259
17871521
17871820
17873994
17876612
17877710
17882841
17883410
17884982
17886990
17892910
17894868
17900748
17909683
17914795
17915380
17915816
17919687
17920550
17921224
17921774
17925017
17926842
17927067
17933127
17935024
17936400
17937530
17942054
17943628
17945025
17948158
17948389
17950066
17950200
17950810
17957211
17960862
17961321
17966058
17970081
17970112
17970554
17971121
17971899
17972465
17972790
17977873
17980127
17980895
17987235
17987831
17990475
17991099
17991551
17992490
17995839
18001961
18004438
18006169
18006960
18008779
18009086
18011469
18013039
18014622
18015309
18021108
18026168
18028832
18031534
18032895
18035930
18037972
18039045
18040145
18040878
18043310
18043451
18043917
18044618
18045246
18046344
18048723
18050554
18050891
18051285
18051459
18052001
18052517
18053591
18054190
18055750
18056298
18056848
18057656
18068828
18072875
18073724
18074322
18074476
18075821
18076647
18079465
18079720
18080280
18084500
18087372
18090640
18091392
18093158
18094072
18094590
18096627
18097264
18098031
18099661
18102054
18102901
18104265
18110461
18112017
18115365
18115821
18119514
18119527
18120578
18120753
18121504
18122408
18122969
18124788
18125089
18125113
18125274
18125878
18127514
18127813
18133220
18140130
18140823
18143483
18145609
18147209
18150261
18151206
18151289
18152000
18152949
18155258
18158315
18163267
18165294
18165516
18171803
18172654
18173277
18173920
18175666
18179822
18180963
18181389
18181878
18182079
18182217
18182458
18185115
18185480
18187460
18193242
18196869
18197579
18200556
18202111
18210343
18212266
18218042
18220540
18220730
18221460
18223233
18223416
18225832
18229349
18231693
18232405
18236180
18236543
18238066
18242758
18243856
18247391
18247759
18247879
18248103
18248511
18250308
18252466
18256665
18259184
18260067
18260715
18261248
18262907
18264650
18265680
18265858
18267266
18269583
18270355
18272110
18272532
18274194
18274842
18282379
18285311
18287618
18288559
18289043
18289443
18289960
18291813
18292061
18293341
18293953
18294679
18297386
18298372
18302786
18303327
18303603
18305133
18305299
18306609
18314727
18316953
18322814
18323445
18323656
18325917
18329624
18331622
18331815
18333434
18336237
18342718
18343187
18344232
18345595
18345803
18348694
18348870
18350330
18351028
18354492
18359026
18359212
18362261
18362542
18364652
18365711
18366478
18367117
18367270
18367359
18367702
18370131
18374383
18375279
18375494
18375879
18377557
18377937
18378046
18381289
18381533
18383305
18385980
18386740
18386890
18387248
18387878
18388254
18389495
18390099
18395069
18395075
18396198
18397082
18397220
18399053
18400907
18400973
18402473
18402479
18403177
18407877
18412738
18415031
18417572
18418128
18419056
18420462
18425118
18427137
18433102
18435943
18439157
18439800
18443110
18447676
18448263
18448693
18448820
18449692
18450573
18451700
18451972
18453620
18454549
18455896
18456028
18457862
18461698
18465470
18467619
18467895
18468158
18468485
18468502
18472744
18473995
18475301
18476999
18480672
18482212
18482292
18482519
18483906
18484414
18485280
18486112
18488865
18489009
18490309
18491560
18497402
18499893
18499939
18502319
18505819
18507393
18508296
18509108
18509668
18510156
18510335
18510549
18513809
18518194
18520531
18520744
18521905
18522384
18527878
18528081
18530165
18532889
18533639
18535163
18536134
18541530
18541624
18543169
18548077
18548766
18549704
18552146
18554289
18555812
18557721
18557887
18558489
18558973
18565160
18568251
18568661
18569084
18570575
18572264
18572867
18574590
18576404
18577348
18578902
18580988
18581112
18582413
18582864
18588152
18588910
18589356
18593039
18595107
18596007
18596768
18598343
18601336
18601735
18606485
18607279
18607304
18607896
18608565
18608684
18611488
18611851
18613518
18616408
18617827
18618267
18618974
18621331
18622450
18625719
18627107
18628394
18628866
18630669
18630945
18631629
18631951
18633400
18635011
18635811
18637874
18638612
18639791
18648042
18650122
18651185
18653213
18655979
18658344
18658632
18659452
18660386
18660452
18661102
18661934
18662929
18665566
18668479
18669190
18672808
18677455
18679529
18679547
18684504
18685581
18686136
18686254
18686287
18687658
18690354
18692267
18693941
18694649
18695822
18700374
18700699
18701270
18703657
18703933
18704759
18705802
18707897
18708137
18709879
18710214
18712920
18715072
18715650
18721510
18723257
18723722
18724168
18724848
18725629
18730144
18730486
18732868
18734116
18734238
18735246
18738443
18739705
18742648
18744283
18745167
18745199
18749950
18750223
18753156
18755478
18756440
18757006
18759076
18765572
18767957
18770378
18771590
18777408
18781549
18782683
18786341
18788324
18789459
18791407
18791536
18792361
18792457
18793179
18793880
18797250
18799345
18800235
18808145
18809140
18810167
18810288
18813312
18815345
18816093
18816230
18816406
18817644
18818108
18822236
18823492
18824395
18825558
18826322
18826385
18829600
18830500
18831111
18835687
18840043
18843692
18846875
18853531
18858206
18860905
18862543
18864098
18864731
18866008
18869142
18870530
18871800
18871870
18876110
18876949
18878115
18878236
18878314
18880524
18880802
18881838
18881929
18884362
18885693
18890612
18891252
18895472
18896940
18899504
18901960
18907406
18908038
18908915
18909568
18911673
18912168
18916816
18917209
18919850
18920308
18922134
18923274
18926228
18928025
18928425
18929898
18930870
18931615
18933873
18934714
18935201
18936720
18938852
18939552
18940582
18941253
18942559
18943347
18943788
18945335
18945884
18947785
18948398
18949692
18950922
18951056
18951088
18956017
18957125
18960709
18961403
18963678
18964886
18966964
18970607
18971851
18972689
18972740
18972876
18973323
18974883
18979297
18983443
18985328
18985592
18987747
18990893
18991817
18992357
18992584
18993601
18994163
18997695
18997884
18998679
18998832
18999712
19000733
19002008
19003671
19005921
19007631
19009055
19010902
19014160
19014855
19015669
19016611
19017190
19017331
19017770
19020402
19023059
19023434
19025507
19027500
19029353
19029866
19030113
19031027
19033304
19034318
19035179
19039088
19042785
19045668
19047028
19047188
19053768
19054290
19055019
19057052
19059554
19060852
19061434
19067086
19070554
19072237
19076739
19078149
19081270
19081371
19081593
19082249
19082698
19083592
19088580
19088767
19090090
19090962
19090986
19091380
19091746
19091939
19093803
19095472
19097725
19098984
19100172
19101176
19101940
19104819
19106949
19108912
19109010
19109605
19110799
19121781
19122243
19122441
19124341
19125009
19126798
19127345
19128290
19132808
19132877
19133936
19134535
19135872
19137460
19138108
19138172
19138228
19139577
19140927
19142656
19143693
19145989
19147595
19147708
19148695
19148991
19151201
19154566
19156878
19157043
19157730
19162968
19170505
19178432
19178984
19187801
19190278
19194284
19194518
19195769
19197855
19201291
19201934
19202953
19204183
19205459
19208745
19214308
19217064
19219877
19223814
19225289
19226640
19226658
19231666
19232595
19234864
19242670
19245281
19247083
19248717
19251024
19251726
19254535
19259167
19266801
19267649
19268201
19271061
19271243
19272023
19274278
19274838
19275129
19276983
19277038
19278098
19278105
19278158
19278433
19279777
19284977
19285410
19285466
19286498
19286865
19287749
19288268
19288722
19289690
19290105
19290226
19291064
19291646
19296027
19299056
19300883
19303189
19303466
19305139
19306231
19306561
19311478
19312312
19312331
19316960
19319058
19322097
19322770
19322872
19323762
19323958
19324325
19324441
19325518
19325660
19326151
19326831
19327066
19328302
19329496
19330004
19334593
19336684
19337719
19338598
19338913
19339534
19340212
19340357
19340903
19341048
19344905
19351723
19351981
19355136
19355999
19356031
19357662
19359423
19359556
19363916
19364118
19366852
19369051
19370163
19371972
19373525
19373901
19374155
19374665
19374994
19377812
19378088
19380865
19381325
19382903
19385249
19388584
19389227
19389879
19391005
19391036
19393067
19395846
19400001
19400022
19400144
19400926
19401417
19403501
19404553
19405088
19405546
19408472
19409972
19410954
19411398
19416326
19420592
19420991
19423014
19427077
19427173
19428477
19429858
19433194
19435378
19437537
19437879
19438741
19441617
19442666
19445679
19449387
19452329
19453613
19453784
19454326
19454659
19457519
19462306
19463792
19464328
19464961
19465585
19466228
19471417
19474826
19476699
19477713
19478411
19478422
19480047
19481023
19482747
19483080
19483673
19492198
19494456
19494737
19495894
19496194
19496342
19499434
19499827
19501809
19502544
19505901
19507184
19514268
19514409
19515848
19518331
19518691
19519327
19519554
19523188
19523995
19525153
19528617
19529264
19531944
19532527
19533426
19538880
19540961
19541298
19542339
19544977
19549012
19550469
19552039
19553665
19555355
19555758
19560443
19560960
19561059
19561599
19563566
19564189
19565147
19567611
19569548
19570084
19571684
19573810
19574913
19576360
19576809
19587655
19588075
19589725
19597370
19597426
19597429
19599279
19600417
19601779
19602094
19605284
19607628
19608147
19610029
19610932
19613013
19615290
19615598
19618862
19619746
19620469
19621455
19626709
19628126
19630390
19630770
19632296
19634545
19635260
19635420
19637555
19639337
19640351
19641289
19644649
19645420
19646078
19646304
19648973
19649482
19650793
19658135
19659467
19659771
19659826
19661206
19662536
19664466
19665128
19665644
19670665
19675613
19678263
19678269
19678881
19679141
19681724
19682737
19683529
19684272
19687383
19687585
19690094
19692251
19695333
19696909
19698967
19700373
19700833
19701222
19704253
19705230
19707700
19711968
19713100
19713186
19713933
19722863
19723019
19723362
19724483
19724515
19727376
19730352
19730452
19731124
19732237
19735545
19735680
19742226
19744130
19745809
19746907
19748972
19749112
19749184
19753469
19754547
19754807
19755860
19761042
19761774
19763040
19764687
19764803
19766272
19766998
19767263
19770208
19770644
19770723
19777258
19781713
19788381
19789642
19792969
19793096
19794932
19795174
19796596
19798925
19801004
19805768
19807357
19809155
19809731
19811045
19812046
19814644
19816707
19819308
19824255
19826568
19826582
19827113
19831968
19833039
19833237
19833978
19836284
19839197
19839358
19842674
19842768
19844244
19844634
19846798
19847132
19855550
19856381
19859251
19865976
19866174
19871831
19879152
19879723
19881176
19882210
19883597
19885758
19886540
19886688
19888433
19889312
19889637
19890786
19892927
19894518
19896732
19900503
19900981
19904405
19905351
19905874
19906901
19907026
19909206
19912242
19913329
19916747
19916797
19917249
19917945
19918330
19918971
19919017
19919213
19921471
19922604
19922866
19923013
19924356
19929105
19929192
19930326
19930554
19930997
19932119
19934351
19934758
19935090
19939579
19940888
19942382
19947350
19952471
19953130
19953436
19953679
19954194
19958808
19963963
19965954
19968637
19971391
19973118
19975898
19980446
19982519
19982872
19991043
19998198
19998350
